6 1 1 00000 00000000
70 4 3 00000 00000001
72 0 1 00000 00000000
136 4 3 00000 00000001
138 1 2 00000 00000000
202 4 3 00000 00000001
204 0 1 00100 00000000
268 4 3 00100 00000001
283 0 1 00001 00000000
347 4 3 00001 00000001
350 0 1 00110 00000000
414 4 3 00110 00000002
429 0 1 00002 00000000
493 4 3 00002 00000001
496 0 1 00120 00000000
560 4 3 00120 00000003
575 0 1 00003 00000000
639 4 3 00003 00000001
642 0 1 00130 00000000
706 4 3 00130 00000004
721 0 1 00004 00000000
785 4 3 00004 00000001
788 0 1 00140 00000000
852 4 3 00140 00000005
867 0 1 00005 00000000
931 4 3 00005 00000001
934 0 1 00150 00000000
998 4 3 00150 00000006
1013 0 1 00006 00000000
1077 4 3 00006 00000001
1080 0 1 00160 00000000
1144 4 3 00160 00000007
1159 0 1 00007 00000000
1223 4 3 00007 00000001
1226 0 1 00170 00000000
1290 4 3 00170 00000008
1305 0 1 00008 00000000
1369 4 3 00008 00000001
1372 0 1 00180 00000000
1436 4 3 00180 00000009
1451 0 1 00009 00000000
1515 4 3 00009 00000001
1518 0 1 00190 00000000
1582 4 3 00190 0000000A
1597 0 1 0000A 00000000
1661 4 3 0000A 00000001
1664 0 1 001A0 00000000
1728 4 3 001A0 0000000B
1743 0 1 0000B 00000000
1807 4 3 0000B 00000001
1810 0 1 001B0 00000000
1874 4 3 001B0 0000000C
1889 0 1 0000C 00000000
1953 4 3 0000C 00000001
1956 0 1 001C0 00000000
2020 4 3 001C0 0000000D
2035 0 1 0000D 00000000
2099 4 3 0000D 00000001
2102 0 1 001D0 00000000
2166 4 3 001D0 0000000E
2181 0 1 0000E 00000000
2245 4 3 0000E 00000001
2247 1 3 00000 00000081
2249 1 1 00200 00000000
2313 4 3 00200 00000000
2315 0 1 001E0 00000000
2379 4 3 001E0 0000000F
2394 0 1 0000F 00000000
2458 4 3 0000F 00000001
2461 0 1 001F0 00000000
2525 4 3 001F0 00000010
2539 0 2 00200 00000000
2603 4 3 00200 00000000
2617 0 3 00200 00000088
2619 0 1 00000 00000000
2683 4 3 00000 00000081
2686 0 1 00101 00000000
2750 4 3 00101 00000001
2765 0 1 00001 00000000
2829 4 3 00001 00000001
2832 0 1 00111 00000000
2896 4 3 00111 00000002
2912 0 1 00121 00000000
2976 4 3 00121 00000003
2992 0 1 00131 00000000
3056 4 3 00131 00000004
3072 0 1 00141 00000000
3136 4 3 00141 00000005
3152 0 1 00151 00000000
3216 4 3 00151 00000006
3232 0 1 00161 00000000
3296 4 3 00161 00000007
3312 0 1 00171 00000000
3376 4 3 00171 00000008
3392 0 1 00181 00000000
3456 4 3 00181 00000009
3472 0 1 00191 00000000
3536 4 3 00191 0000000A
3552 0 1 001A1 00000000
3616 4 3 001A1 0000000B
3632 0 1 001B1 00000000
3696 4 3 001B1 0000000C
3712 0 1 001C1 00000000
3776 4 3 001C1 0000000D
3792 0 1 001D1 00000000
3856 4 3 001D1 0000000E
3872 0 1 001E1 00000000
3936 4 3 001E1 0000000F
3952 0 1 001F1 00000000
4016 4 3 001F1 00000010
4030 0 2 00201 00000000
4094 4 3 00201 00000000
4109 0 1 00102 00000000
4173 4 3 00102 00000001
4188 0 3 00201 00000108
4190 0 1 00001 00000000
4254 4 3 00001 00000001
4257 0 1 00112 00000000
4321 4 3 00112 00000002
4336 0 1 00002 00000000
4400 4 3 00002 00000001
4403 0 1 00122 00000000
4467 4 3 00122 00000003
4483 0 1 00132 00000000
4547 4 3 00132 00000004
4563 0 1 00142 00000000
4627 4 3 00142 00000005
4643 0 1 00152 00000000
4707 4 3 00152 00000006
4723 0 1 00162 00000000
4787 4 3 00162 00000007
4803 0 1 00172 00000000
4867 4 3 00172 00000008
4883 0 1 00182 00000000
4947 4 3 00182 00000009
4963 0 1 00192 00000000
5027 4 3 00192 0000000A
5043 0 1 001A2 00000000
5107 4 3 001A2 0000000B
5123 0 1 001B2 00000000
5187 4 3 001B2 0000000C
5203 0 1 001C2 00000000
5267 4 3 001C2 0000000D
5283 0 1 001D2 00000000
5347 4 3 001D2 0000000E
5363 0 1 001E2 00000000
5427 4 3 001E2 0000000F
5443 0 1 001F2 00000000
5507 4 3 001F2 00000010
5521 0 2 00202 00000000
5585 4 3 00202 00000000
5600 0 1 00103 00000000
5664 4 3 00103 00000001
5680 0 1 00113 00000000
5744 4 3 00113 00000002
5759 0 3 00202 00000108
5761 0 1 00002 00000000
5825 4 3 00002 00000001
5828 0 1 00123 00000000
5892 4 3 00123 00000003
5907 0 1 00003 00000000
5971 4 3 00003 00000001
5974 0 1 00133 00000000
6038 4 3 00133 00000004
6054 0 1 00143 00000000
6118 4 3 00143 00000005
6134 0 1 00153 00000000
6198 4 3 00153 00000006
6214 0 1 00163 00000000
6278 4 3 00163 00000007
6294 0 1 00173 00000000
6358 4 3 00173 00000008
6374 0 1 00183 00000000
6438 4 3 00183 00000009
6454 0 1 00193 00000000
6518 4 3 00193 0000000A
6534 0 1 001A3 00000000
6598 4 3 001A3 0000000B
6614 0 1 001B3 00000000
6678 4 3 001B3 0000000C
6694 0 1 001C3 00000000
6758 4 3 001C3 0000000D
6774 0 1 001D3 00000000
6838 4 3 001D3 0000000E
6854 0 1 001E3 00000000
6918 4 3 001E3 0000000F
6934 0 1 001F3 00000000
6998 4 3 001F3 00000010
7012 0 2 00203 00000000
7076 4 3 00203 00000000
7091 0 1 00104 00000000
7155 4 3 00104 00000001
7171 0 1 00114 00000000
7235 4 3 00114 00000002
7251 0 1 00124 00000000
7315 4 3 00124 00000003
7330 0 3 00203 00000108
7332 0 1 00003 00000000
7396 4 3 00003 00000001
7399 0 1 00134 00000000
7463 4 3 00134 00000004
7478 0 1 00004 00000000
7542 4 3 00004 00000001
7545 0 1 00144 00000000
7609 4 3 00144 00000005
7625 0 1 00154 00000000
7689 4 3 00154 00000006
7705 0 1 00164 00000000
7769 4 3 00164 00000007
7785 0 1 00174 00000000
7849 4 3 00174 00000008
7865 0 1 00184 00000000
7929 4 3 00184 00000009
7945 0 1 00194 00000000
8009 4 3 00194 0000000A
8025 0 1 001A4 00000000
8089 4 3 001A4 0000000B
8105 0 1 001B4 00000000
8169 4 3 001B4 0000000C
8185 0 1 001C4 00000000
8249 4 3 001C4 0000000D
8265 0 1 001D4 00000000
8329 4 3 001D4 0000000E
8345 0 1 001E4 00000000
8409 4 3 001E4 0000000F
8425 0 1 001F4 00000000
8489 4 3 001F4 00000010
8503 0 2 00204 00000000
8567 4 3 00204 00000000
8582 0 1 00105 00000000
8646 4 3 00105 00000001
8662 0 1 00115 00000000
8726 4 3 00115 00000002
8742 0 1 00125 00000000
8806 4 3 00125 00000003
8822 0 1 00135 00000000
8886 4 3 00135 00000004
8901 0 3 00204 00000108
8903 0 1 00004 00000000
8967 4 3 00004 00000001
8970 0 1 00145 00000000
9034 4 3 00145 00000005
9049 0 1 00005 00000000
9113 4 3 00005 00000001
9116 0 1 00155 00000000
9180 4 3 00155 00000006
9196 0 1 00165 00000000
9260 4 3 00165 00000007
9276 0 1 00175 00000000
9340 4 3 00175 00000008
9356 0 1 00185 00000000
9420 4 3 00185 00000009
9436 0 1 00195 00000000
9500 4 3 00195 0000000A
9516 0 1 001A5 00000000
9580 4 3 001A5 0000000B
9596 0 1 001B5 00000000
9660 4 3 001B5 0000000C
9676 0 1 001C5 00000000
9740 4 3 001C5 0000000D
9756 0 1 001D5 00000000
9820 4 3 001D5 0000000E
9836 0 1 001E5 00000000
9900 4 3 001E5 0000000F
9916 0 1 001F5 00000000
9980 4 3 001F5 00000010
9994 0 2 00205 00000000
10058 4 3 00205 00000000
10073 0 1 00106 00000000
10137 4 3 00106 00000001
10153 0 1 00116 00000000
10217 4 3 00116 00000002
10233 0 1 00126 00000000
10297 4 3 00126 00000003
10313 0 1 00136 00000000
10377 4 3 00136 00000004
10393 0 1 00146 00000000
10457 4 3 00146 00000005
10472 0 3 00205 00000108
10474 0 1 00005 00000000
10538 4 3 00005 00000001
10541 0 1 00156 00000000
10605 4 3 00156 00000006
10620 0 1 00006 00000000
10684 4 3 00006 00000001
10687 0 1 00166 00000000
10751 4 3 00166 00000007
10767 0 1 00176 00000000
10831 4 3 00176 00000008
10847 0 1 00186 00000000
10911 4 3 00186 00000009
10927 0 1 00196 00000000
10991 4 3 00196 0000000A
11007 0 1 001A6 00000000
11071 4 3 001A6 0000000B
11087 0 1 001B6 00000000
11151 4 3 001B6 0000000C
11167 0 1 001C6 00000000
11231 4 3 001C6 0000000D
11247 0 1 001D6 00000000
11311 4 3 001D6 0000000E
11327 0 1 001E6 00000000
11391 4 3 001E6 0000000F
11407 0 1 001F6 00000000
11471 4 3 001F6 00000010
11485 0 2 00206 00000000
11549 4 3 00206 00000000
11564 0 1 00107 00000000
11628 4 3 00107 00000001
11644 0 1 00117 00000000
11708 4 3 00117 00000002
11724 0 1 00127 00000000
11788 4 3 00127 00000003
11804 0 1 00137 00000000
11868 4 3 00137 00000004
11884 0 1 00147 00000000
11948 4 3 00147 00000005
11964 0 1 00157 00000000
12028 4 3 00157 00000006
12043 0 3 00206 00000108
12045 0 1 00006 00000000
12109 4 3 00006 00000001
12112 0 1 00167 00000000
12176 4 3 00167 00000007
12191 0 1 00007 00000000
12255 4 3 00007 00000001
12258 0 1 00177 00000000
12322 4 3 00177 00000008
12338 0 1 00187 00000000
12402 4 3 00187 00000009
12418 0 1 00197 00000000
12482 4 3 00197 0000000A
12498 0 1 001A7 00000000
12562 4 3 001A7 0000000B
12578 0 1 001B7 00000000
12642 4 3 001B7 0000000C
12658 0 1 001C7 00000000
12722 4 3 001C7 0000000D
12738 0 1 001D7 00000000
12802 4 3 001D7 0000000E
12818 0 1 001E7 00000000
12882 4 3 001E7 0000000F
12898 0 1 001F7 00000000
12962 4 3 001F7 00000010
12976 0 2 00207 00000000
13040 4 3 00207 00000000
13055 0 1 00108 00000000
13119 4 3 00108 00000001
13135 0 1 00118 00000000
13199 4 3 00118 00000002
13215 0 1 00128 00000000
13279 4 3 00128 00000003
13295 0 1 00138 00000000
13359 4 3 00138 00000004
13375 0 1 00148 00000000
13439 4 3 00148 00000005
13455 0 1 00158 00000000
13519 4 3 00158 00000006
13535 0 1 00168 00000000
13599 4 3 00168 00000007
13614 0 3 00207 00000108
13616 0 1 00007 00000000
13680 4 3 00007 00000001
13683 0 1 00178 00000000
13747 4 3 00178 00000008
13762 0 1 00008 00000000
13826 4 3 00008 00000001
13829 0 1 00188 00000000
13893 4 3 00188 00000009
13909 0 1 00198 00000000
13973 4 3 00198 0000000A
13989 0 1 001A8 00000000
14053 4 3 001A8 0000000B
14069 0 1 001B8 00000000
14133 4 3 001B8 0000000C
14149 0 1 001C8 00000000
14213 4 3 001C8 0000000D
14229 0 1 001D8 00000000
14293 4 3 001D8 0000000E
14309 0 1 001E8 00000000
14373 4 3 001E8 0000000F
14389 0 1 001F8 00000000
14453 4 3 001F8 00000010
14467 0 2 00208 00000000
14531 4 3 00208 00000000
14546 0 1 00109 00000000
14610 4 3 00109 00000001
14626 0 1 00119 00000000
14690 4 3 00119 00000002
14706 0 1 00129 00000000
14770 4 3 00129 00000003
14786 0 1 00139 00000000
14850 4 3 00139 00000004
14866 0 1 00149 00000000
14930 4 3 00149 00000005
14946 0 1 00159 00000000
15010 4 3 00159 00000006
15026 0 1 00169 00000000
15090 4 3 00169 00000007
15106 0 1 00179 00000000
15170 4 3 00179 00000008
15185 0 3 00208 00000108
15187 0 1 00008 00000000
15251 4 3 00008 00000001
15254 0 1 00189 00000000
15318 4 3 00189 00000009
15333 0 1 00009 00000000
15397 4 3 00009 00000001
15400 0 1 00199 00000000
15464 4 3 00199 0000000A
15480 0 1 001A9 00000000
15544 4 3 001A9 0000000B
15560 0 1 001B9 00000000
15624 4 3 001B9 0000000C
15640 0 1 001C9 00000000
15704 4 3 001C9 0000000D
15720 0 1 001D9 00000000
15784 4 3 001D9 0000000E
15800 0 1 001E9 00000000
15864 4 3 001E9 0000000F
15880 0 1 001F9 00000000
15944 4 3 001F9 00000010
15958 0 2 00209 00000000
16022 4 3 00209 00000000
16037 0 1 0010A 00000000
16101 4 3 0010A 00000001
16117 0 1 0011A 00000000
16181 4 3 0011A 00000002
16197 0 1 0012A 00000000
16261 4 3 0012A 00000003
16277 0 1 0013A 00000000
16341 4 3 0013A 00000004
16357 0 1 0014A 00000000
16421 4 3 0014A 00000005
16437 0 1 0015A 00000000
16501 4 3 0015A 00000006
16517 0 1 0016A 00000000
16581 4 3 0016A 00000007
16597 0 1 0017A 00000000
16661 4 3 0017A 00000008
16677 0 1 0018A 00000000
16741 4 3 0018A 00000009
16756 0 3 00209 00000108
16758 0 1 00009 00000000
16822 4 3 00009 00000001
16825 0 1 0019A 00000000
16889 4 3 0019A 0000000A
16904 0 1 0000A 00000000
16968 4 3 0000A 00000001
16971 0 1 001AA 00000000
17035 4 3 001AA 0000000B
17051 0 1 001BA 00000000
17115 4 3 001BA 0000000C
17131 0 1 001CA 00000000
17195 4 3 001CA 0000000D
17211 0 1 001DA 00000000
17275 4 3 001DA 0000000E
17291 0 1 001EA 00000000
17355 4 3 001EA 0000000F
17371 0 1 001FA 00000000
17435 4 3 001FA 00000010
17449 0 2 0020A 00000000
17513 4 3 0020A 00000000
17528 0 1 0010B 00000000
17592 4 3 0010B 00000001
17608 0 1 0011B 00000000
17672 4 3 0011B 00000002
17688 0 1 0012B 00000000
17752 4 3 0012B 00000003
17768 0 1 0013B 00000000
17832 4 3 0013B 00000004
17848 0 1 0014B 00000000
17912 4 3 0014B 00000005
17928 0 1 0015B 00000000
17992 4 3 0015B 00000006
18008 0 1 0016B 00000000
18072 4 3 0016B 00000007
18088 0 1 0017B 00000000
18152 4 3 0017B 00000008
18168 0 1 0018B 00000000
18232 4 3 0018B 00000009
18248 0 1 0019B 00000000
18312 4 3 0019B 0000000A
18327 0 3 0020A 00000108
18329 0 1 0000A 00000000
18393 4 3 0000A 00000001
18396 0 1 001AB 00000000
18460 4 3 001AB 0000000B
18475 0 1 0000B 00000000
18539 4 3 0000B 00000001
18542 0 1 001BB 00000000
18606 4 3 001BB 0000000C
18622 0 1 001CB 00000000
18686 4 3 001CB 0000000D
18702 0 1 001DB 00000000
18766 4 3 001DB 0000000E
18782 0 1 001EB 00000000
18846 4 3 001EB 0000000F
18862 0 1 001FB 00000000
18926 4 3 001FB 00000010
18940 0 2 0020B 00000000
19004 4 3 0020B 00000000
19019 0 1 0010C 00000000
19083 4 3 0010C 00000001
19099 0 1 0011C 00000000
19163 4 3 0011C 00000002
19179 0 1 0012C 00000000
19243 4 3 0012C 00000003
19259 0 1 0013C 00000000
19323 4 3 0013C 00000004
19339 0 1 0014C 00000000
19403 4 3 0014C 00000005
19419 0 1 0015C 00000000
19483 4 3 0015C 00000006
19499 0 1 0016C 00000000
19563 4 3 0016C 00000007
19579 0 1 0017C 00000000
19643 4 3 0017C 00000008
19659 0 1 0018C 00000000
19723 4 3 0018C 00000009
19739 0 1 0019C 00000000
19803 4 3 0019C 0000000A
19819 0 1 001AC 00000000
19883 4 3 001AC 0000000B
19898 0 3 0020B 00000108
19900 0 1 0000B 00000000
19964 4 3 0000B 00000001
19967 0 1 001BC 00000000
20031 4 3 001BC 0000000C
20046 0 1 0000C 00000000
20110 4 3 0000C 00000001
20113 0 1 001CC 00000000
20177 4 3 001CC 0000000D
20193 0 1 001DC 00000000
20257 4 3 001DC 0000000E
20273 0 1 001EC 00000000
20337 4 3 001EC 0000000F
20353 0 1 001FC 00000000
20417 4 3 001FC 00000010
20431 0 2 0020C 00000000
20495 4 3 0020C 00000000
20510 0 1 0010D 00000000
20574 4 3 0010D 00000001
20590 0 1 0011D 00000000
20654 4 3 0011D 00000002
20670 0 1 0012D 00000000
20734 4 3 0012D 00000003
20750 0 1 0013D 00000000
20814 4 3 0013D 00000004
20830 0 1 0014D 00000000
20894 4 3 0014D 00000005
20910 0 1 0015D 00000000
20974 4 3 0015D 00000006
20990 0 1 0016D 00000000
21054 4 3 0016D 00000007
21070 0 1 0017D 00000000
21134 4 3 0017D 00000008
21150 0 1 0018D 00000000
21214 4 3 0018D 00000009
21230 0 1 0019D 00000000
21294 4 3 0019D 0000000A
21310 0 1 001AD 00000000
21374 4 3 001AD 0000000B
21390 0 1 001BD 00000000
21454 4 3 001BD 0000000C
21469 0 3 0020C 00000108
21471 0 1 0000C 00000000
21535 4 3 0000C 00000001
21538 0 1 001CD 00000000
21602 4 3 001CD 0000000D
21617 0 1 0000D 00000000
21681 4 3 0000D 00000001
21684 0 1 001DD 00000000
21748 4 3 001DD 0000000E
21764 0 1 001ED 00000000
21828 4 3 001ED 0000000F
21844 0 1 001FD 00000000
21908 4 3 001FD 00000010
21922 0 2 0020D 00000000
21986 4 3 0020D 00000000
22001 0 1 0010E 00000000
22065 4 3 0010E 00000001
22081 0 1 0011E 00000000
22145 4 3 0011E 00000002
22161 0 1 0012E 00000000
22225 4 3 0012E 00000003
22241 0 1 0013E 00000000
22305 4 3 0013E 00000004
22321 0 1 0014E 00000000
22385 4 3 0014E 00000005
22401 0 1 0015E 00000000
22465 4 3 0015E 00000006
22481 0 1 0016E 00000000
22545 4 3 0016E 00000007
22561 0 1 0017E 00000000
22625 4 3 0017E 00000008
22641 0 1 0018E 00000000
22705 4 3 0018E 00000009
22721 0 1 0019E 00000000
22785 4 3 0019E 0000000A
22801 0 1 001AE 00000000
22865 4 3 001AE 0000000B
22881 0 1 001BE 00000000
22945 4 3 001BE 0000000C
22961 0 1 001CE 00000000
23025 4 3 001CE 0000000D
23040 0 3 0020D 00000108
23042 0 1 0000D 00000000
23106 4 3 0000D 00000001
23109 0 1 001DE 00000000
23173 4 3 001DE 0000000E
23188 0 1 0000E 00000000
23252 4 3 0000E 00000001
23255 0 1 001EE 00000000
23319 4 3 001EE 0000000F
23335 0 1 001FE 00000000
23399 4 3 001FE 00000010
23413 0 2 0020E 00000000
23477 4 3 0020E 00000000
23492 0 1 0010F 00000000
23556 4 3 0010F 00000001
23572 0 1 0011F 00000000
23636 4 3 0011F 00000002
23652 0 1 0012F 00000000
23716 4 3 0012F 00000003
23732 0 1 0013F 00000000
23796 4 3 0013F 00000004
23812 0 1 0014F 00000000
23876 4 3 0014F 00000005
23892 0 1 0015F 00000000
23956 4 3 0015F 00000006
23972 0 1 0016F 00000000
24036 4 3 0016F 00000007
24052 0 1 0017F 00000000
24116 4 3 0017F 00000008
24132 0 1 0018F 00000000
24196 4 3 0018F 00000009
24212 0 1 0019F 00000000
24276 4 3 0019F 0000000A
24292 0 1 001AF 00000000
24356 4 3 001AF 0000000B
24372 0 1 001BF 00000000
24436 4 3 001BF 0000000C
24452 0 1 001CF 00000000
24516 4 3 001CF 0000000D
24532 0 1 001DF 00000000
24596 4 3 001DF 0000000E
24611 0 3 0020E 00000108
24613 0 1 0000E 00000000
24677 4 3 0000E 00000001
24680 0 1 001EF 00000000
24744 4 3 001EF 0000000F
24759 0 1 0000F 00000000
24823 4 3 0000F 00000001
24826 0 1 001FF 00000000
24890 4 3 001FF 00000010
24904 0 2 0020F 00000000
24968 4 3 0020F 00000000
24985 0 1 00010 00000000
25049 4 3 00010 00000002
25052 0 1 00100 00000000
25116 4 3 00100 00000001
25131 0 1 00011 00000000
25195 4 3 00011 00000002
25198 0 1 00110 00000000
25262 4 3 00110 00000002
25277 0 1 00012 00000000
25341 4 3 00012 00000002
25357 0 1 00013 00000000
25421 4 3 00013 00000002
25437 0 1 00014 00000000
25501 4 3 00014 00000002
25517 0 1 00015 00000000
25581 4 3 00015 00000002
25597 0 1 00016 00000000
25661 4 3 00016 00000002
25677 0 1 00017 00000000
25741 4 3 00017 00000002
25757 0 1 00018 00000000
25821 4 3 00018 00000002
25837 0 1 00019 00000000
25901 4 3 00019 00000002
25917 0 1 0001A 00000000
25981 4 3 0001A 00000002
25997 0 1 0001B 00000000
26061 4 3 0001B 00000002
26077 0 1 0001C 00000000
26141 4 3 0001C 00000002
26157 0 1 0001D 00000000
26221 4 3 0001D 00000002
26237 0 1 0001E 00000000
26301 4 3 0001E 00000002
26317 0 1 0001F 00000000
26381 4 3 0001F 00000002
26396 0 2 00210 00000000
26460 4 3 00210 00000000
26474 0 3 00210 00000110
26476 0 1 00010 00000000
26540 4 3 00010 00000002
26543 0 1 00101 00000000
26607 4 3 00101 00000001
26623 0 1 00111 00000000
26687 4 3 00111 00000002
26897 0 2 00211 00000000
26961 4 3 00211 00000000
26976 0 1 00102 00000000
27040 4 3 00102 00000001
27055 0 3 00211 00000110
27057 0 1 00011 00000000
27121 4 3 00011 00000002
27124 0 1 00112 00000000
27188 4 3 00112 00000002
27203 0 1 00012 00000000
27267 4 3 00012 00000002
27464 0 2 00212 00000000
27528 4 3 00212 00000000
27543 0 1 00103 00000000
27607 4 3 00103 00000001
27623 0 1 00113 00000000
27687 4 3 00113 00000002
27702 0 3 00212 00000110
27704 0 1 00012 00000000
27768 4 3 00012 00000002
27784 0 1 00013 00000000
27848 4 3 00013 00000002
28031 0 2 00213 00000000
28095 4 3 00213 00000000
28110 0 1 00104 00000000
28174 4 3 00104 00000001
28190 0 1 00114 00000000
28254 4 3 00114 00000002
28283 0 3 00213 00000110
28285 0 1 00013 00000000
28349 4 3 00013 00000002
28365 0 1 00014 00000000
28429 4 3 00014 00000002
28598 0 2 00214 00000000
28662 4 3 00214 00000000
28677 0 1 00105 00000000
28741 4 3 00105 00000001
28757 0 1 00115 00000000
28821 4 3 00115 00000002
28864 0 3 00214 00000110
28866 0 1 00014 00000000
28930 4 3 00014 00000002
28946 0 1 00015 00000000
29010 4 3 00015 00000002
29165 0 2 00215 00000000
29229 4 3 00215 00000000
29244 0 1 00106 00000000
29308 4 3 00106 00000001
29324 0 1 00116 00000000
29388 4 3 00116 00000002
29445 0 3 00215 00000110
29447 0 1 00015 00000000
29511 4 3 00015 00000002
29527 0 1 00016 00000000
29591 4 3 00016 00000002
29732 0 2 00216 00000000
29796 4 3 00216 00000000
29811 0 1 00107 00000000
29875 4 3 00107 00000001
29891 0 1 00117 00000000
29955 4 3 00117 00000002
30026 0 3 00216 00000110
30028 0 1 00016 00000000
30092 4 3 00016 00000002
30108 0 1 00017 00000000
30172 4 3 00017 00000002
30299 0 2 00217 00000000
30363 4 3 00217 00000000
30378 0 1 00108 00000000
30442 4 3 00108 00000001
30458 0 1 00118 00000000
30522 4 3 00118 00000002
30607 0 3 00217 00000110
30609 0 1 00017 00000000
30673 4 3 00017 00000002
30689 0 1 00018 00000000
30753 4 3 00018 00000002
30866 0 2 00218 00000000
30930 4 3 00218 00000000
30945 0 1 00109 00000000
31009 4 3 00109 00000001
31025 0 1 00119 00000000
31089 4 3 00119 00000002
31188 0 3 00218 00000110
31190 0 1 00018 00000000
31254 4 3 00018 00000002
31270 0 1 00019 00000000
31334 4 3 00019 00000002
31433 0 2 00219 00000000
31497 4 3 00219 00000000
31512 0 1 0010A 00000000
31576 4 3 0010A 00000001
31592 0 1 0011A 00000000
31656 4 3 0011A 00000002
31769 0 3 00219 00000110
31771 0 1 00019 00000000
31835 4 3 00019 00000002
31851 0 1 0001A 00000000
31915 4 3 0001A 00000002
32000 0 2 0021A 00000000
32064 4 3 0021A 00000000
32079 0 1 0010B 00000000
32143 4 3 0010B 00000001
32159 0 1 0011B 00000000
32223 4 3 0011B 00000002
32350 0 3 0021A 00000110
32352 0 1 0001A 00000000
32416 4 3 0001A 00000002
32432 0 1 0001B 00000000
32496 4 3 0001B 00000002
32567 0 2 0021B 00000000
32631 4 3 0021B 00000000
32646 0 1 0010C 00000000
32710 4 3 0010C 00000001
32726 0 1 0011C 00000000
32790 4 3 0011C 00000002
32931 0 3 0021B 00000110
32933 0 1 0001B 00000000
32997 4 3 0001B 00000002
33013 0 1 0001C 00000000
33077 4 3 0001C 00000002
33134 0 2 0021C 00000000
33198 4 3 0021C 00000000
33213 0 1 0010D 00000000
33277 4 3 0010D 00000001
33293 0 1 0011D 00000000
33357 4 3 0011D 00000002
33512 0 3 0021C 00000110
33514 0 1 0001C 00000000
33578 4 3 0001C 00000002
33594 0 1 0001D 00000000
33658 4 3 0001D 00000002
33701 0 2 0021D 00000000
33765 4 3 0021D 00000000
33780 0 1 0010E 00000000
33844 4 3 0010E 00000001
33860 0 1 0011E 00000000
33924 4 3 0011E 00000002
34093 0 3 0021D 00000110
34095 0 1 0001D 00000000
34159 4 3 0001D 00000002
34175 0 1 0001E 00000000
34239 4 3 0001E 00000002
34268 0 2 0021E 00000000
34332 4 3 0021E 00000000
34347 0 3 0020F 00000108
34349 0 1 0010F 00000000
34413 4 3 0010F 00000001
34429 0 1 0011F 00000000
34493 4 3 0011F 00000002
34676 0 3 0021E 00000110
34678 0 1 0001E 00000000
34742 4 3 0001E 00000002
34758 0 1 0001F 00000000
34822 4 3 0001F 00000002
34837 0 2 0021F 00000000
34901 4 3 0021F 00000000
34918 0 1 00020 00000000
34982 4 3 00020 00000003
34998 0 1 00021 00000000
35062 4 3 00021 00000003
35065 0 1 00110 00000000
35129 4 3 00110 00000002
35144 0 1 00022 00000000
35208 4 3 00022 00000003
35211 0 1 00120 00000000
35275 4 3 00120 00000003
35290 0 1 00023 00000000
35354 4 3 00023 00000003
35370 0 1 00024 00000000
35434 4 3 00024 00000003
35450 0 1 00025 00000000
35514 4 3 00025 00000003
35530 0 1 00026 00000000
35594 4 3 00026 00000003
35610 0 1 00027 00000000
35674 4 3 00027 00000003
35690 0 1 00028 00000000
35754 4 3 00028 00000003
35770 0 1 00029 00000000
35834 4 3 00029 00000003
35850 0 1 0002A 00000000
35914 4 3 0002A 00000003
35930 0 1 0002B 00000000
35994 4 3 0002B 00000003
36010 0 1 0002C 00000000
36074 4 3 0002C 00000003
36090 0 1 0002D 00000000
36154 4 3 0002D 00000003
36170 0 1 0002E 00000000
36234 4 3 0002E 00000003
36250 0 1 0002F 00000000
36314 4 3 0002F 00000003
36329 0 2 00220 00000000
36393 4 3 00220 00000000
36407 0 3 00220 00000198
36409 0 1 00020 00000000
36473 4 3 00020 00000003
36490 0 1 00111 00000000
36554 4 3 00111 00000002
36570 0 1 00121 00000000
36634 4 3 00121 00000003
36830 0 2 00221 00000000
36894 4 3 00221 00000000
36922 0 3 00221 00000198
36924 0 1 00021 00000000
36988 4 3 00021 00000003
36991 0 1 00112 00000000
37055 4 3 00112 00000002
37071 0 1 00122 00000000
37135 4 3 00122 00000003
37331 0 2 00222 00000000
37395 4 3 00222 00000000
37424 0 1 00113 00000000
37488 4 3 00113 00000002
37503 0 3 00222 00000198
37505 0 1 00022 00000000
37569 4 3 00022 00000003
37572 0 1 00123 00000000
37636 4 3 00123 00000003
37651 0 1 00023 00000000
37715 4 3 00023 00000003
37898 0 2 00223 00000000
37962 4 3 00223 00000000
37991 0 1 00114 00000000
38055 4 3 00114 00000002
38071 0 1 00124 00000000
38135 4 3 00124 00000003
38150 0 3 00223 00000198
38152 0 1 00023 00000000
38216 4 3 00023 00000003
38232 0 1 00024 00000000
38296 4 3 00024 00000003
38465 0 2 00224 00000000
38529 4 3 00224 00000000
38558 0 1 00115 00000000
38622 4 3 00115 00000002
38638 0 1 00125 00000000
38702 4 3 00125 00000003
38731 0 3 00224 00000198
38733 0 1 00024 00000000
38797 4 3 00024 00000003
38813 0 1 00025 00000000
38877 4 3 00025 00000003
39032 0 2 00225 00000000
39096 4 3 00225 00000000
39125 0 1 00116 00000000
39189 4 3 00116 00000002
39205 0 1 00126 00000000
39269 4 3 00126 00000003
39312 0 3 00225 00000198
39314 0 1 00025 00000000
39378 4 3 00025 00000003
39394 0 1 00026 00000000
39458 4 3 00026 00000003
39599 0 2 00226 00000000
39663 4 3 00226 00000000
39692 0 1 00117 00000000
39756 4 3 00117 00000002
39772 0 1 00127 00000000
39836 4 3 00127 00000003
39893 0 3 00226 00000198
39895 0 1 00026 00000000
39959 4 3 00026 00000003
39975 0 1 00027 00000000
40039 4 3 00027 00000003
40166 0 2 00227 00000000
40230 4 3 00227 00000000
40259 0 1 00118 00000000
40323 4 3 00118 00000002
40339 0 1 00128 00000000
40403 4 3 00128 00000003
40474 0 3 00227 00000198
40476 0 1 00027 00000000
40540 4 3 00027 00000003
40556 0 1 00028 00000000
40620 4 3 00028 00000003
40733 0 2 00228 00000000
40797 4 3 00228 00000000
40826 0 1 00119 00000000
40890 4 3 00119 00000002
40906 0 1 00129 00000000
40970 4 3 00129 00000003
41055 0 3 00228 00000198
41057 0 1 00028 00000000
41121 4 3 00028 00000003
41137 0 1 00029 00000000
41201 4 3 00029 00000003
41300 0 2 00229 00000000
41364 4 3 00229 00000000
41393 0 1 0011A 00000000
41457 4 3 0011A 00000002
41473 0 1 0012A 00000000
41537 4 3 0012A 00000003
41636 0 3 00229 00000198
41638 0 1 00029 00000000
41702 4 3 00029 00000003
41718 0 1 0002A 00000000
41782 4 3 0002A 00000003
41867 0 2 0022A 00000000
41931 4 3 0022A 00000000
41960 0 1 0011B 00000000
42024 4 3 0011B 00000002
42040 0 1 0012B 00000000
42104 4 3 0012B 00000003
42217 0 3 0022A 00000198
42219 0 1 0002A 00000000
42283 4 3 0002A 00000003
42299 0 1 0002B 00000000
42363 4 3 0002B 00000003
42434 0 2 0022B 00000000
42498 4 3 0022B 00000000
42527 0 1 0011C 00000000
42591 4 3 0011C 00000002
42607 0 1 0012C 00000000
42671 4 3 0012C 00000003
42798 0 3 0022B 00000198
42800 0 1 0002B 00000000
42864 4 3 0002B 00000003
42880 0 1 0002C 00000000
42944 4 3 0002C 00000003
43001 0 2 0022C 00000000
43065 4 3 0022C 00000000
43094 0 1 0011D 00000000
43158 4 3 0011D 00000002
43174 0 1 0012D 00000000
43238 4 3 0012D 00000003
43379 0 3 0022C 00000198
43381 0 1 0002C 00000000
43445 4 3 0002C 00000003
43461 0 1 0002D 00000000
43525 4 3 0002D 00000003
43568 0 2 0022D 00000000
43632 4 3 0022D 00000000
43661 0 1 0011E 00000000
43725 4 3 0011E 00000002
43741 0 1 0012E 00000000
43805 4 3 0012E 00000003
43960 0 3 0022D 00000198
43962 0 1 0002D 00000000
44026 4 3 0002D 00000003
44042 0 1 0002E 00000000
44106 4 3 0002E 00000003
44135 0 2 0022E 00000000
44199 4 3 0022E 00000000
44228 0 3 0021F 00000110
44230 0 1 0011F 00000000
44294 4 3 0011F 00000002
44310 0 1 0012F 00000000
44374 4 3 0012F 00000003
44543 0 3 0022E 00000198
44545 0 1 0002E 00000000
44609 4 3 0002E 00000003
44625 0 1 0002F 00000000
44689 4 3 0002F 00000003
44704 0 2 0022F 00000000
44768 4 3 0022F 00000000
44785 0 1 00030 00000000
44849 4 3 00030 00000004
44865 0 1 00031 00000000
44929 4 3 00031 00000004
44945 0 1 00032 00000000
45009 4 3 00032 00000004
45012 0 1 00120 00000000
45076 4 3 00120 00000003
45091 0 1 00033 00000000
45155 4 3 00033 00000004
45158 0 1 00130 00000000
45222 4 3 00130 00000004
45237 0 1 00034 00000000
45301 4 3 00034 00000004
45317 0 1 00035 00000000
45381 4 3 00035 00000004
45397 0 1 00036 00000000
45461 4 3 00036 00000004
45477 0 1 00037 00000000
45541 4 3 00037 00000004
45557 0 1 00038 00000000
45621 4 3 00038 00000004
45637 0 1 00039 00000000
45701 4 3 00039 00000004
45717 0 1 0003A 00000000
45781 4 3 0003A 00000004
45797 0 1 0003B 00000000
45861 4 3 0003B 00000004
45877 0 1 0003C 00000000
45941 4 3 0003C 00000004
45957 0 1 0003D 00000000
46021 4 3 0003D 00000004
46037 0 1 0003E 00000000
46101 4 3 0003E 00000004
46117 0 1 0003F 00000000
46181 4 3 0003F 00000004
46196 0 2 00230 00000000
46260 4 3 00230 00000000
46274 0 3 00230 00000220
46276 0 1 00030 00000000
46340 4 3 00030 00000004
46371 0 1 00121 00000000
46435 4 3 00121 00000003
46451 0 1 00131 00000000
46515 4 3 00131 00000004
46697 0 2 00231 00000000
46761 4 3 00231 00000000
46789 0 3 00231 00000220
46791 0 1 00031 00000000
46855 4 3 00031 00000004
46872 0 1 00122 00000000
46936 4 3 00122 00000003
46952 0 1 00132 00000000
47016 4 3 00132 00000004
47198 0 2 00232 00000000
47262 4 3 00232 00000000
47304 0 3 00232 00000220
47306 0 1 00032 00000000
47370 4 3 00032 00000004
47373 0 1 00123 00000000
47437 4 3 00123 00000003
47453 0 1 00133 00000000
47517 4 3 00133 00000004
47699 0 2 00233 00000000
47763 4 3 00233 00000000
47806 0 1 00124 00000000
47870 4 3 00124 00000003
47885 0 3 00233 00000220
47887 0 1 00033 00000000
47951 4 3 00033 00000004
47954 0 1 00134 00000000
48018 4 3 00134 00000004
48033 0 1 00034 00000000
48097 4 3 00034 00000004
48266 0 2 00234 00000000
48330 4 3 00234 00000000
48373 0 1 00125 00000000
48437 4 3 00125 00000003
48453 0 1 00135 00000000
48517 4 3 00135 00000004
48532 0 3 00234 00000220
48534 0 1 00034 00000000
48598 4 3 00034 00000004
48614 0 1 00035 00000000
48678 4 3 00035 00000004
48833 0 2 00235 00000000
48897 4 3 00235 00000000
48940 0 1 00126 00000000
49004 4 3 00126 00000003
49020 0 1 00136 00000000
49084 4 3 00136 00000004
49113 0 3 00235 00000220
49115 0 1 00035 00000000
49179 4 3 00035 00000004
49195 0 1 00036 00000000
49259 4 3 00036 00000004
49400 0 2 00236 00000000
49464 4 3 00236 00000000
49507 0 1 00127 00000000
49571 4 3 00127 00000003
49587 0 1 00137 00000000
49651 4 3 00137 00000004
49694 0 3 00236 00000220
49696 0 1 00036 00000000
49760 4 3 00036 00000004
49776 0 1 00037 00000000
49840 4 3 00037 00000004
49967 0 2 00237 00000000
50031 4 3 00237 00000000
50074 0 1 00128 00000000
50138 4 3 00128 00000003
50154 0 1 00138 00000000
50218 4 3 00138 00000004
50275 0 3 00237 00000220
50277 0 1 00037 00000000
50341 4 3 00037 00000004
50357 0 1 00038 00000000
50421 4 3 00038 00000004
50534 0 2 00238 00000000
50598 4 3 00238 00000000
50641 0 1 00129 00000000
50705 4 3 00129 00000003
50721 0 1 00139 00000000
50785 4 3 00139 00000004
50856 0 3 00238 00000220
50858 0 1 00038 00000000
50922 4 3 00038 00000004
50938 0 1 00039 00000000
51002 4 3 00039 00000004
51101 0 2 00239 00000000
51165 4 3 00239 00000000
51208 0 1 0012A 00000000
51272 4 3 0012A 00000003
51288 0 1 0013A 00000000
51352 4 3 0013A 00000004
51437 0 3 00239 00000220
51439 0 1 00039 00000000
51503 4 3 00039 00000004
51519 0 1 0003A 00000000
51583 4 3 0003A 00000004
51668 0 2 0023A 00000000
51732 4 3 0023A 00000000
51775 0 1 0012B 00000000
51839 4 3 0012B 00000003
51855 0 1 0013B 00000000
51919 4 3 0013B 00000004
52018 0 3 0023A 00000220
52020 0 1 0003A 00000000
52084 4 3 0003A 00000004
52100 0 1 0003B 00000000
52164 4 3 0003B 00000004
52235 0 2 0023B 00000000
52299 4 3 0023B 00000000
52342 0 1 0012C 00000000
52406 4 3 0012C 00000003
52422 0 1 0013C 00000000
52486 4 3 0013C 00000004
52599 0 3 0023B 00000220
52601 0 1 0003B 00000000
52665 4 3 0003B 00000004
52681 0 1 0003C 00000000
52745 4 3 0003C 00000004
52802 0 2 0023C 00000000
52866 4 3 0023C 00000000
52909 0 1 0012D 00000000
52973 4 3 0012D 00000003
52989 0 1 0013D 00000000
53053 4 3 0013D 00000004
53180 0 3 0023C 00000220
53182 0 1 0003C 00000000
53246 4 3 0003C 00000004
53262 0 1 0003D 00000000
53326 4 3 0003D 00000004
53369 0 2 0023D 00000000
53433 4 3 0023D 00000000
53476 0 1 0012E 00000000
53540 4 3 0012E 00000003
53556 0 1 0013E 00000000
53620 4 3 0013E 00000004
53761 0 3 0023D 00000220
53763 0 1 0003D 00000000
53827 4 3 0003D 00000004
53843 0 1 0003E 00000000
53907 4 3 0003E 00000004
53936 0 2 0023E 00000000
54000 4 3 0023E 00000000
54043 0 3 0022F 00000198
54045 0 1 0012F 00000000
54109 4 3 0012F 00000003
54125 0 1 0013F 00000000
54189 4 3 0013F 00000004
54344 0 3 0023E 00000220
54346 0 1 0003E 00000000
54410 4 3 0003E 00000004
54426 0 1 0003F 00000000
54490 4 3 0003F 00000004
54505 0 2 0023F 00000000
54569 4 3 0023F 00000000
54586 0 1 00040 00000000
54650 4 3 00040 00000005
54666 0 1 00041 00000000
54730 4 3 00041 00000005
54746 0 1 00042 00000000
54810 4 3 00042 00000005
54826 0 1 00043 00000000
54890 4 3 00043 00000005
54893 0 1 00130 00000000
54957 4 3 00130 00000004
54972 0 1 00044 00000000
55036 4 3 00044 00000005
55039 0 1 00140 00000000
55103 4 3 00140 00000005
55118 0 1 00045 00000000
55182 4 3 00045 00000005
55198 0 1 00046 00000000
55262 4 3 00046 00000005
55278 0 1 00047 00000000
55342 4 3 00047 00000005
55358 0 1 00048 00000000
55422 4 3 00048 00000005
55438 0 1 00049 00000000
55502 4 3 00049 00000005
55518 0 1 0004A 00000000
55582 4 3 0004A 00000005
55598 0 1 0004B 00000000
55662 4 3 0004B 00000005
55678 0 1 0004C 00000000
55742 4 3 0004C 00000005
55758 0 1 0004D 00000000
55822 4 3 0004D 00000005
55838 0 1 0004E 00000000
55902 4 3 0004E 00000005
55918 0 1 0004F 00000000
55982 4 3 0004F 00000005
55997 0 2 00240 00000000
56061 4 3 00240 00000000
56075 0 3 00240 000002A8
56077 0 1 00040 00000000
56141 4 3 00040 00000005
56186 0 1 00131 00000000
56250 4 3 00131 00000004
56266 0 1 00141 00000000
56330 4 3 00141 00000005
56498 0 2 00241 00000000
56562 4 3 00241 00000000
56590 0 3 00241 000002A8
56592 0 1 00041 00000000
56656 4 3 00041 00000005
56687 0 1 00132 00000000
56751 4 3 00132 00000004
56767 0 1 00142 00000000
56831 4 3 00142 00000005
56999 0 2 00242 00000000
57063 4 3 00242 00000000
57105 0 3 00242 000002A8
57107 0 1 00042 00000000
57171 4 3 00042 00000005
57188 0 1 00133 00000000
57252 4 3 00133 00000004
57268 0 1 00143 00000000
57332 4 3 00143 00000005
57500 0 2 00243 00000000
57564 4 3 00243 00000000
57620 0 3 00243 000002A8
57622 0 1 00043 00000000
57686 4 3 00043 00000005
57689 0 1 00134 00000000
57753 4 3 00134 00000004
57769 0 1 00144 00000000
57833 4 3 00144 00000005
58001 0 2 00244 00000000
58065 4 3 00244 00000000
58122 0 1 00135 00000000
58186 4 3 00135 00000004
58201 0 3 00244 000002A8
58203 0 1 00044 00000000
58267 4 3 00044 00000005
58270 0 1 00145 00000000
58334 4 3 00145 00000005
58349 0 1 00045 00000000
58413 4 3 00045 00000005
58568 0 2 00245 00000000
58632 4 3 00245 00000000
58689 0 1 00136 00000000
58753 4 3 00136 00000004
58769 0 1 00146 00000000
58833 4 3 00146 00000005
58848 0 3 00245 000002A8
58850 0 1 00045 00000000
58914 4 3 00045 00000005
58930 0 1 00046 00000000
58994 4 3 00046 00000005
59135 0 2 00246 00000000
59199 4 3 00246 00000000
59256 0 1 00137 00000000
59320 4 3 00137 00000004
59336 0 1 00147 00000000
59400 4 3 00147 00000005
59429 0 3 00246 000002A8
59431 0 1 00046 00000000
59495 4 3 00046 00000005
59511 0 1 00047 00000000
59575 4 3 00047 00000005
59702 0 2 00247 00000000
59766 4 3 00247 00000000
59823 0 1 00138 00000000
59887 4 3 00138 00000004
59903 0 1 00148 00000000
59967 4 3 00148 00000005
60010 0 3 00247 000002A8
60012 0 1 00047 00000000
60076 4 3 00047 00000005
60092 0 1 00048 00000000
60156 4 3 00048 00000005
60269 0 2 00248 00000000
60333 4 3 00248 00000000
60390 0 1 00139 00000000
60454 4 3 00139 00000004
60470 0 1 00149 00000000
60534 4 3 00149 00000005
60591 0 3 00248 000002A8
60593 0 1 00048 00000000
60657 4 3 00048 00000005
60673 0 1 00049 00000000
60737 4 3 00049 00000005
60836 0 2 00249 00000000
60900 4 3 00249 00000000
60957 0 1 0013A 00000000
61021 4 3 0013A 00000004
61037 0 1 0014A 00000000
61101 4 3 0014A 00000005
61172 0 3 00249 000002A8
61174 0 1 00049 00000000
61238 4 3 00049 00000005
61254 0 1 0004A 00000000
61318 4 3 0004A 00000005
61403 0 2 0024A 00000000
61467 4 3 0024A 00000000
61524 0 1 0013B 00000000
61588 4 3 0013B 00000004
61604 0 1 0014B 00000000
61668 4 3 0014B 00000005
61753 0 3 0024A 000002A8
61755 0 1 0004A 00000000
61819 4 3 0004A 00000005
61835 0 1 0004B 00000000
61899 4 3 0004B 00000005
61970 0 2 0024B 00000000
62034 4 3 0024B 00000000
62091 0 1 0013C 00000000
62155 4 3 0013C 00000004
62171 0 1 0014C 00000000
62235 4 3 0014C 00000005
62334 0 3 0024B 000002A8
62336 0 1 0004B 00000000
62400 4 3 0004B 00000005
62416 0 1 0004C 00000000
62480 4 3 0004C 00000005
62537 0 2 0024C 00000000
62601 4 3 0024C 00000000
62658 0 1 0013D 00000000
62722 4 3 0013D 00000004
62738 0 1 0014D 00000000
62802 4 3 0014D 00000005
62915 0 3 0024C 000002A8
62917 0 1 0004C 00000000
62981 4 3 0004C 00000005
62997 0 1 0004D 00000000
63061 4 3 0004D 00000005
63104 0 2 0024D 00000000
63168 4 3 0024D 00000000
63225 0 1 0013E 00000000
63289 4 3 0013E 00000004
63305 0 1 0014E 00000000
63369 4 3 0014E 00000005
63496 0 3 0024D 000002A8
63498 0 1 0004D 00000000
63562 4 3 0004D 00000005
63578 0 1 0004E 00000000
63642 4 3 0004E 00000005
63671 0 2 0024E 00000000
63735 4 3 0024E 00000000
63792 0 3 0023F 00000220
63794 0 1 0013F 00000000
63858 4 3 0013F 00000004
63874 0 1 0014F 00000000
63938 4 3 0014F 00000005
64079 0 3 0024E 000002A8
64081 0 1 0004E 00000000
64145 4 3 0004E 00000005
64161 0 1 0004F 00000000
64225 4 3 0004F 00000005
64240 0 2 0024F 00000000
64304 4 3 0024F 00000000
64321 0 1 00050 00000000
64385 4 3 00050 00000006
64401 0 1 00051 00000000
64465 4 3 00051 00000006
64481 0 1 00052 00000000
64545 4 3 00052 00000006
64561 0 1 00053 00000000
64625 4 3 00053 00000006
64641 0 1 00054 00000000
64705 4 3 00054 00000006
64708 0 1 00140 00000000
64772 4 3 00140 00000005
64787 0 1 00055 00000000
64851 4 3 00055 00000006
64854 0 1 00150 00000000
64918 4 3 00150 00000006
64933 0 1 00056 00000000
64997 4 3 00056 00000006
65013 0 1 00057 00000000
65077 4 3 00057 00000006
65093 0 1 00058 00000000
65157 4 3 00058 00000006
65173 0 1 00059 00000000
65237 4 3 00059 00000006
65253 0 1 0005A 00000000
65317 4 3 0005A 00000006
65333 0 1 0005B 00000000
65397 4 3 0005B 00000006
65413 0 1 0005C 00000000
65477 4 3 0005C 00000006
65493 0 1 0005D 00000000
65557 4 3 0005D 00000006
65573 0 1 0005E 00000000
65637 4 3 0005E 00000006
65653 0 1 0005F 00000000
65717 4 3 0005F 00000006
65732 0 2 00250 00000000
65796 4 3 00250 00000000
65810 0 3 00250 00000330
65812 0 1 00050 00000000
65876 4 3 00050 00000006
65935 0 1 00141 00000000
65999 4 3 00141 00000005
66015 0 1 00151 00000000
66079 4 3 00151 00000006
66233 0 2 00251 00000000
66297 4 3 00251 00000000
66325 0 3 00251 00000330
66327 0 1 00051 00000000
66391 4 3 00051 00000006
66436 0 1 00142 00000000
66500 4 3 00142 00000005
66516 0 1 00152 00000000
66580 4 3 00152 00000006
66734 0 2 00252 00000000
66798 4 3 00252 00000000
66840 0 3 00252 00000330
66842 0 1 00052 00000000
66906 4 3 00052 00000006
66937 0 1 00143 00000000
67001 4 3 00143 00000005
67017 0 1 00153 00000000
67081 4 3 00153 00000006
67235 0 2 00253 00000000
67299 4 3 00253 00000000
67355 0 3 00253 00000330
67357 0 1 00053 00000000
67421 4 3 00053 00000006
67438 0 1 00144 00000000
67502 4 3 00144 00000005
67518 0 1 00154 00000000
67582 4 3 00154 00000006
67736 0 2 00254 00000000
67800 4 3 00254 00000000
67870 0 3 00254 00000330
67872 0 1 00054 00000000
67936 4 3 00054 00000006
67939 0 1 00145 00000000
68003 4 3 00145 00000005
68019 0 1 00155 00000000
68083 4 3 00155 00000006
68237 0 2 00255 00000000
68301 4 3 00255 00000000
68372 0 1 00146 00000000
68436 4 3 00146 00000005
68451 0 3 00255 00000330
68453 0 1 00055 00000000
68517 4 3 00055 00000006
68520 0 1 00156 00000000
68584 4 3 00156 00000006
68599 0 1 00056 00000000
68663 4 3 00056 00000006
68804 0 2 00256 00000000
68868 4 3 00256 00000000
68939 0 1 00147 00000000
69003 4 3 00147 00000005
69019 0 1 00157 00000000
69083 4 3 00157 00000006
69098 0 3 00256 00000330
69100 0 1 00056 00000000
69164 4 3 00056 00000006
69180 0 1 00057 00000000
69244 4 3 00057 00000006
69371 0 2 00257 00000000
69435 4 3 00257 00000000
69506 0 1 00148 00000000
69570 4 3 00148 00000005
69586 0 1 00158 00000000
69650 4 3 00158 00000006
69679 0 3 00257 00000330
69681 0 1 00057 00000000
69745 4 3 00057 00000006
69761 0 1 00058 00000000
69825 4 3 00058 00000006
69938 0 2 00258 00000000
70002 4 3 00258 00000000
70073 0 1 00149 00000000
70137 4 3 00149 00000005
70153 0 1 00159 00000000
70217 4 3 00159 00000006
70260 0 3 00258 00000330
70262 0 1 00058 00000000
70326 4 3 00058 00000006
70342 0 1 00059 00000000
70406 4 3 00059 00000006
70505 0 2 00259 00000000
70569 4 3 00259 00000000
70640 0 1 0014A 00000000
70704 4 3 0014A 00000005
70720 0 1 0015A 00000000
70784 4 3 0015A 00000006
70841 0 3 00259 00000330
70843 0 1 00059 00000000
70907 4 3 00059 00000006
70923 0 1 0005A 00000000
70987 4 3 0005A 00000006
71072 0 2 0025A 00000000
71136 4 3 0025A 00000000
71207 0 1 0014B 00000000
71271 4 3 0014B 00000005
71287 0 1 0015B 00000000
71351 4 3 0015B 00000006
71422 0 3 0025A 00000330
71424 0 1 0005A 00000000
71488 4 3 0005A 00000006
71504 0 1 0005B 00000000
71568 4 3 0005B 00000006
71639 0 2 0025B 00000000
71703 4 3 0025B 00000000
71774 0 1 0014C 00000000
71838 4 3 0014C 00000005
71854 0 1 0015C 00000000
71918 4 3 0015C 00000006
72003 0 3 0025B 00000330
72005 0 1 0005B 00000000
72069 4 3 0005B 00000006
72085 0 1 0005C 00000000
72149 4 3 0005C 00000006
72206 0 2 0025C 00000000
72270 4 3 0025C 00000000
72341 0 1 0014D 00000000
72405 4 3 0014D 00000005
72421 0 1 0015D 00000000
72485 4 3 0015D 00000006
72584 0 3 0025C 00000330
72586 0 1 0005C 00000000
72650 4 3 0005C 00000006
72666 0 1 0005D 00000000
72730 4 3 0005D 00000006
72773 0 2 0025D 00000000
72837 4 3 0025D 00000000
72908 0 1 0014E 00000000
72972 4 3 0014E 00000005
72988 0 1 0015E 00000000
73052 4 3 0015E 00000006
73165 0 3 0025D 00000330
73167 0 1 0005D 00000000
73231 4 3 0005D 00000006
73247 0 1 0005E 00000000
73311 4 3 0005E 00000006
73340 0 2 0025E 00000000
73404 4 3 0025E 00000000
73475 0 3 0024F 000002A8
73477 0 1 0014F 00000000
73541 4 3 0014F 00000005
73557 0 1 0015F 00000000
73621 4 3 0015F 00000006
73748 0 3 0025E 00000330
73750 0 1 0005E 00000000
73814 4 3 0005E 00000006
73830 0 1 0005F 00000000
73894 4 3 0005F 00000006
73909 0 2 0025F 00000000
73973 4 3 0025F 00000000
73990 0 1 00060 00000000
74054 4 3 00060 00000007
74070 0 1 00061 00000000
74134 4 3 00061 00000007
74150 0 1 00062 00000000
74214 4 3 00062 00000007
74230 0 1 00063 00000000
74294 4 3 00063 00000007
74310 0 1 00064 00000000
74374 4 3 00064 00000007
74390 0 1 00065 00000000
74454 4 3 00065 00000007
74457 0 1 00150 00000000
74521 4 3 00150 00000006
74536 0 1 00066 00000000
74600 4 3 00066 00000007
74603 0 1 00160 00000000
74667 4 3 00160 00000007
74682 0 1 00067 00000000
74746 4 3 00067 00000007
74762 0 1 00068 00000000
74826 4 3 00068 00000007
74842 0 1 00069 00000000
74906 4 3 00069 00000007
74922 0 1 0006A 00000000
74986 4 3 0006A 00000007
75002 0 1 0006B 00000000
75066 4 3 0006B 00000007
75082 0 1 0006C 00000000
75146 4 3 0006C 00000007
75162 0 1 0006D 00000000
75226 4 3 0006D 00000007
75242 0 1 0006E 00000000
75306 4 3 0006E 00000007
75322 0 1 0006F 00000000
75386 4 3 0006F 00000007
75401 0 2 00260 00000000
75465 4 3 00260 00000000
75479 0 3 00260 000003B8
75481 0 1 00060 00000000
75545 4 3 00060 00000007
75618 0 1 00151 00000000
75682 4 3 00151 00000006
75698 0 1 00161 00000000
75762 4 3 00161 00000007
75902 0 2 00261 00000000
75966 4 3 00261 00000000
75994 0 3 00261 000003B8
75996 0 1 00061 00000000
76060 4 3 00061 00000007
76119 0 1 00152 00000000
76183 4 3 00152 00000006
76199 0 1 00162 00000000
76263 4 3 00162 00000007
76403 0 2 00262 00000000
76467 4 3 00262 00000000
76509 0 3 00262 000003B8
76511 0 1 00062 00000000
76575 4 3 00062 00000007
76620 0 1 00153 00000000
76684 4 3 00153 00000006
76700 0 1 00163 00000000
76764 4 3 00163 00000007
76904 0 2 00263 00000000
76968 4 3 00263 00000000
77024 0 3 00263 000003B8
77026 0 1 00063 00000000
77090 4 3 00063 00000007
77121 0 1 00154 00000000
77185 4 3 00154 00000006
77201 0 1 00164 00000000
77265 4 3 00164 00000007
77405 0 2 00264 00000000
77469 4 3 00264 00000000
77539 0 3 00264 000003B8
77541 0 1 00064 00000000
77605 4 3 00064 00000007
77622 0 1 00155 00000000
77686 4 3 00155 00000006
77702 0 1 00165 00000000
77766 4 3 00165 00000007
77906 0 2 00265 00000000
77970 4 3 00265 00000000
78054 0 3 00265 000003B8
78056 0 1 00065 00000000
78120 4 3 00065 00000007
78123 0 1 00156 00000000
78187 4 3 00156 00000006
78203 0 1 00166 00000000
78267 4 3 00166 00000007
78407 0 2 00266 00000000
78471 4 3 00266 00000000
78556 0 1 00157 00000000
78620 4 3 00157 00000006
78635 0 3 00266 000003B8
78637 0 1 00066 00000000
78701 4 3 00066 00000007
78704 0 1 00167 00000000
78768 4 3 00167 00000007
78783 0 1 00067 00000000
78847 4 3 00067 00000007
78974 0 2 00267 00000000
79038 4 3 00267 00000000
79123 0 1 00158 00000000
79187 4 3 00158 00000006
79203 0 1 00168 00000000
79267 4 3 00168 00000007
79282 0 3 00267 000003B8
79284 0 1 00067 00000000
79348 4 3 00067 00000007
79364 0 1 00068 00000000
79428 4 3 00068 00000007
79541 0 2 00268 00000000
79605 4 3 00268 00000000
79690 0 1 00159 00000000
79754 4 3 00159 00000006
79770 0 1 00169 00000000
79834 4 3 00169 00000007
79863 0 3 00268 000003B8
79865 0 1 00068 00000000
79929 4 3 00068 00000007
79945 0 1 00069 00000000
80009 4 3 00069 00000007
80108 0 2 00269 00000000
80172 4 3 00269 00000000
80257 0 1 0015A 00000000
80321 4 3 0015A 00000006
80337 0 1 0016A 00000000
80401 4 3 0016A 00000007
80444 0 3 00269 000003B8
80446 0 1 00069 00000000
80510 4 3 00069 00000007
80526 0 1 0006A 00000000
80590 4 3 0006A 00000007
80675 0 2 0026A 00000000
80739 4 3 0026A 00000000
80824 0 1 0015B 00000000
80888 4 3 0015B 00000006
80904 0 1 0016B 00000000
80968 4 3 0016B 00000007
81025 0 3 0026A 000003B8
81027 0 1 0006A 00000000
81091 4 3 0006A 00000007
81107 0 1 0006B 00000000
81171 4 3 0006B 00000007
81242 0 2 0026B 00000000
81306 4 3 0026B 00000000
81391 0 1 0015C 00000000
81455 4 3 0015C 00000006
81471 0 1 0016C 00000000
81535 4 3 0016C 00000007
81606 0 3 0026B 000003B8
81608 0 1 0006B 00000000
81672 4 3 0006B 00000007
81688 0 1 0006C 00000000
81752 4 3 0006C 00000007
81809 0 2 0026C 00000000
81873 4 3 0026C 00000000
81958 0 1 0015D 00000000
82022 4 3 0015D 00000006
82038 0 1 0016D 00000000
82102 4 3 0016D 00000007
82187 0 3 0026C 000003B8
82189 0 1 0006C 00000000
82253 4 3 0006C 00000007
82269 0 1 0006D 00000000
82333 4 3 0006D 00000007
82376 0 2 0026D 00000000
82440 4 3 0026D 00000000
82525 0 1 0015E 00000000
82589 4 3 0015E 00000006
82605 0 1 0016E 00000000
82669 4 3 0016E 00000007
82768 0 3 0026D 000003B8
82770 0 1 0006D 00000000
82834 4 3 0006D 00000007
82850 0 1 0006E 00000000
82914 4 3 0006E 00000007
82943 0 2 0026E 00000000
83007 4 3 0026E 00000000
83092 0 3 0025F 00000330
83094 0 1 0015F 00000000
83158 4 3 0015F 00000006
83174 0 1 0016F 00000000
83238 4 3 0016F 00000007
83351 0 3 0026E 000003B8
83353 0 1 0006E 00000000
83417 4 3 0006E 00000007
83433 0 1 0006F 00000000
83497 4 3 0006F 00000007
83512 0 2 0026F 00000000
83576 4 3 0026F 00000000
83593 0 1 00070 00000000
83657 4 3 00070 00000008
83673 0 1 00071 00000000
83737 4 3 00071 00000008
83753 0 1 00072 00000000
83817 4 3 00072 00000008
83833 0 1 00073 00000000
83897 4 3 00073 00000008
83913 0 1 00074 00000000
83977 4 3 00074 00000008
83993 0 1 00075 00000000
84057 4 3 00075 00000008
84073 0 1 00076 00000000
84137 4 3 00076 00000008
84140 0 1 00160 00000000
84204 4 3 00160 00000007
84219 0 1 00077 00000000
84283 4 3 00077 00000008
84286 0 1 00170 00000000
84350 4 3 00170 00000008
84365 0 1 00078 00000000
84429 4 3 00078 00000008
84445 0 1 00079 00000000
84509 4 3 00079 00000008
84525 0 1 0007A 00000000
84589 4 3 0007A 00000008
84605 0 1 0007B 00000000
84669 4 3 0007B 00000008
84685 0 1 0007C 00000000
84749 4 3 0007C 00000008
84765 0 1 0007D 00000000
84829 4 3 0007D 00000008
84845 0 1 0007E 00000000
84909 4 3 0007E 00000008
84925 0 1 0007F 00000000
84989 4 3 0007F 00000008
85004 0 2 00270 00000000
85068 4 3 00270 00000000
85082 0 3 00270 00000440
85084 0 1 00070 00000000
85148 4 3 00070 00000008
85235 0 1 00161 00000000
85299 4 3 00161 00000007
85315 0 1 00171 00000000
85379 4 3 00171 00000008
85505 0 2 00271 00000000
85569 4 3 00271 00000000
85597 0 3 00271 00000440
85599 0 1 00071 00000000
85663 4 3 00071 00000008
85736 0 1 00162 00000000
85800 4 3 00162 00000007
85816 0 1 00172 00000000
85880 4 3 00172 00000008
86006 0 2 00272 00000000
86070 4 3 00272 00000000
86112 0 3 00272 00000440
86114 0 1 00072 00000000
86178 4 3 00072 00000008
86237 0 1 00163 00000000
86301 4 3 00163 00000007
86317 0 1 00173 00000000
86381 4 3 00173 00000008
86507 0 2 00273 00000000
86571 4 3 00273 00000000
86627 0 3 00273 00000440
86629 0 1 00073 00000000
86693 4 3 00073 00000008
86738 0 1 00164 00000000
86802 4 3 00164 00000007
86818 0 1 00174 00000000
86882 4 3 00174 00000008
87008 0 2 00274 00000000
87072 4 3 00274 00000000
87142 0 3 00274 00000440
87144 0 1 00074 00000000
87208 4 3 00074 00000008
87239 0 1 00165 00000000
87303 4 3 00165 00000007
87319 0 1 00175 00000000
87383 4 3 00175 00000008
87509 0 2 00275 00000000
87573 4 3 00275 00000000
87657 0 3 00275 00000440
87659 0 1 00075 00000000
87723 4 3 00075 00000008
87740 0 1 00166 00000000
87804 4 3 00166 00000007
87820 0 1 00176 00000000
87884 4 3 00176 00000008
88010 0 2 00276 00000000
88074 4 3 00276 00000000
88172 0 3 00276 00000440
88174 0 1 00076 00000000
88238 4 3 00076 00000008
88241 0 1 00167 00000000
88305 4 3 00167 00000007
88321 0 1 00177 00000000
88385 4 3 00177 00000008
88511 0 2 00277 00000000
88575 4 3 00277 00000000
88674 0 1 00168 00000000
88738 4 3 00168 00000007
88753 0 3 00277 00000440
88755 0 1 00077 00000000
88819 4 3 00077 00000008
88822 0 1 00178 00000000
88886 4 3 00178 00000008
88901 0 1 00078 00000000
88965 4 3 00078 00000008
89078 0 2 00278 00000000
89142 4 3 00278 00000000
89241 0 1 00169 00000000
89305 4 3 00169 00000007
89321 0 1 00179 00000000
89385 4 3 00179 00000008
89400 0 3 00278 00000440
89402 0 1 00078 00000000
89466 4 3 00078 00000008
89482 0 1 00079 00000000
89546 4 3 00079 00000008
89645 0 2 00279 00000000
89709 4 3 00279 00000000
89808 0 1 0016A 00000000
89872 4 3 0016A 00000007
89888 0 1 0017A 00000000
89952 4 3 0017A 00000008
89981 0 3 00279 00000440
89983 0 1 00079 00000000
90047 4 3 00079 00000008
90063 0 1 0007A 00000000
90127 4 3 0007A 00000008
90212 0 2 0027A 00000000
90276 4 3 0027A 00000000
90375 0 1 0016B 00000000
90439 4 3 0016B 00000007
90455 0 1 0017B 00000000
90519 4 3 0017B 00000008
90562 0 3 0027A 00000440
90564 0 1 0007A 00000000
90628 4 3 0007A 00000008
90644 0 1 0007B 00000000
90708 4 3 0007B 00000008
90779 0 2 0027B 00000000
90843 4 3 0027B 00000000
90942 0 1 0016C 00000000
91006 4 3 0016C 00000007
91022 0 1 0017C 00000000
91086 4 3 0017C 00000008
91143 0 3 0027B 00000440
91145 0 1 0007B 00000000
91209 4 3 0007B 00000008
91225 0 1 0007C 00000000
91289 4 3 0007C 00000008
91346 0 2 0027C 00000000
91410 4 3 0027C 00000000
91509 0 1 0016D 00000000
91573 4 3 0016D 00000007
91589 0 1 0017D 00000000
91653 4 3 0017D 00000008
91724 0 3 0027C 00000440
91726 0 1 0007C 00000000
91790 4 3 0007C 00000008
91806 0 1 0007D 00000000
91870 4 3 0007D 00000008
91913 0 2 0027D 00000000
91977 4 3 0027D 00000000
92076 0 1 0016E 00000000
92140 4 3 0016E 00000007
92156 0 1 0017E 00000000
92220 4 3 0017E 00000008
92305 0 3 0027D 00000440
92307 0 1 0007D 00000000
92371 4 3 0007D 00000008
92387 0 1 0007E 00000000
92451 4 3 0007E 00000008
92480 0 2 0027E 00000000
92544 4 3 0027E 00000000
92643 0 3 0026F 000003B8
92645 0 1 0016F 00000000
92709 4 3 0016F 00000007
92725 0 1 0017F 00000000
92789 4 3 0017F 00000008
92888 0 3 0027E 00000440
92890 0 1 0007E 00000000
92954 4 3 0007E 00000008
92970 0 1 0007F 00000000
93034 4 3 0007F 00000008
93049 0 2 0027F 00000000
93113 4 3 0027F 00000000
93130 0 1 00080 00000000
93194 4 3 00080 00000009
93210 0 1 00081 00000000
93274 4 3 00081 00000009
93290 0 1 00082 00000000
93354 4 3 00082 00000009
93370 0 1 00083 00000000
93434 4 3 00083 00000009
93450 0 1 00084 00000000
93514 4 3 00084 00000009
93530 0 1 00085 00000000
93594 4 3 00085 00000009
93610 0 1 00086 00000000
93674 4 3 00086 00000009
93690 0 1 00087 00000000
93754 4 3 00087 00000009
93757 0 1 00170 00000000
93821 4 3 00170 00000008
93836 0 1 00088 00000000
93900 4 3 00088 00000009
93903 0 1 00180 00000000
93967 4 3 00180 00000009
93982 0 1 00089 00000000
94046 4 3 00089 00000009
94062 0 1 0008A 00000000
94126 4 3 0008A 00000009
94142 0 1 0008B 00000000
94206 4 3 0008B 00000009
94222 0 1 0008C 00000000
94286 4 3 0008C 00000009
94302 0 1 0008D 00000000
94366 4 3 0008D 00000009
94382 0 1 0008E 00000000
94446 4 3 0008E 00000009
94462 0 1 0008F 00000000
94526 4 3 0008F 00000009
94541 0 2 00280 00000000
94605 4 3 00280 00000000
94619 0 3 00280 000004C8
94621 0 1 00080 00000000
94685 4 3 00080 00000009
94786 0 1 00171 00000000
94850 4 3 00171 00000008
94866 0 1 00181 00000000
94930 4 3 00181 00000009
95042 0 2 00281 00000000
95106 4 3 00281 00000000
95134 0 3 00281 000004C8
95136 0 1 00081 00000000
95200 4 3 00081 00000009
95287 0 1 00172 00000000
95351 4 3 00172 00000008
95367 0 1 00182 00000000
95431 4 3 00182 00000009
95543 0 2 00282 00000000
95607 4 3 00282 00000000
95649 0 3 00282 000004C8
95651 0 1 00082 00000000
95715 4 3 00082 00000009
95788 0 1 00173 00000000
95852 4 3 00173 00000008
95868 0 1 00183 00000000
95932 4 3 00183 00000009
96044 0 2 00283 00000000
96108 4 3 00283 00000000
96164 0 3 00283 000004C8
96166 0 1 00083 00000000
96230 4 3 00083 00000009
96289 0 1 00174 00000000
96353 4 3 00174 00000008
96369 0 1 00184 00000000
96433 4 3 00184 00000009
96545 0 2 00284 00000000
96609 4 3 00284 00000000
96679 0 3 00284 000004C8
96681 0 1 00084 00000000
96745 4 3 00084 00000009
96790 0 1 00175 00000000
96854 4 3 00175 00000008
96870 0 1 00185 00000000
96934 4 3 00185 00000009
97046 0 2 00285 00000000
97110 4 3 00285 00000000
97194 0 3 00285 000004C8
97196 0 1 00085 00000000
97260 4 3 00085 00000009
97291 0 1 00176 00000000
97355 4 3 00176 00000008
97371 0 1 00186 00000000
97435 4 3 00186 00000009
97547 0 2 00286 00000000
97611 4 3 00286 00000000
97709 0 3 00286 000004C8
97711 0 1 00086 00000000
97775 4 3 00086 00000009
97792 0 1 00177 00000000
97856 4 3 00177 00000008
97872 0 1 00187 00000000
97936 4 3 00187 00000009
98048 0 2 00287 00000000
98112 4 3 00287 00000000
98224 0 3 00287 000004C8
98226 0 1 00087 00000000
98290 4 3 00087 00000009
98293 0 1 00178 00000000
98357 4 3 00178 00000008
98373 0 1 00188 00000000
98437 4 3 00188 00000009
98549 0 2 00288 00000000
98613 4 3 00288 00000000
98726 0 1 00179 00000000
98790 4 3 00179 00000008
98805 0 3 00288 000004C8
98807 0 1 00088 00000000
98871 4 3 00088 00000009
98874 0 1 00189 00000000
98938 4 3 00189 00000009
98953 0 1 00089 00000000
99017 4 3 00089 00000009
99116 0 2 00289 00000000
99180 4 3 00289 00000000
99293 0 1 0017A 00000000
99357 4 3 0017A 00000008
99373 0 1 0018A 00000000
99437 4 3 0018A 00000009
99452 0 3 00289 000004C8
99454 0 1 00089 00000000
99518 4 3 00089 00000009
99534 0 1 0008A 00000000
99598 4 3 0008A 00000009
99683 0 2 0028A 00000000
99747 4 3 0028A 00000000
99860 0 1 0017B 00000000
99924 4 3 0017B 00000008
99940 0 1 0018B 00000000
100004 4 3 0018B 00000009
100033 0 3 0028A 000004C8
100035 0 1 0008A 00000000
100099 4 3 0008A 00000009
100115 0 1 0008B 00000000
100179 4 3 0008B 00000009
100250 0 2 0028B 00000000
100314 4 3 0028B 00000000
100427 0 1 0017C 00000000
100491 4 3 0017C 00000008
100507 0 1 0018C 00000000
100571 4 3 0018C 00000009
100614 0 3 0028B 000004C8
100616 0 1 0008B 00000000
100680 4 3 0008B 00000009
100696 0 1 0008C 00000000
100760 4 3 0008C 00000009
100817 0 2 0028C 00000000
100881 4 3 0028C 00000000
100994 0 1 0017D 00000000
101058 4 3 0017D 00000008
101074 0 1 0018D 00000000
101138 4 3 0018D 00000009
101195 0 3 0028C 000004C8
101197 0 1 0008C 00000000
101261 4 3 0008C 00000009
101277 0 1 0008D 00000000
101341 4 3 0008D 00000009
101384 0 2 0028D 00000000
101448 4 3 0028D 00000000
101561 0 1 0017E 00000000
101625 4 3 0017E 00000008
101641 0 1 0018E 00000000
101705 4 3 0018E 00000009
101776 0 3 0028D 000004C8
101778 0 1 0008D 00000000
101842 4 3 0008D 00000009
101858 0 1 0008E 00000000
101922 4 3 0008E 00000009
101951 0 2 0028E 00000000
102015 4 3 0028E 00000000
102128 0 3 0027F 00000440
102130 0 1 0017F 00000000
102194 4 3 0017F 00000008
102210 0 1 0018F 00000000
102274 4 3 0018F 00000009
102359 0 3 0028E 000004C8
102361 0 1 0008E 00000000
102425 4 3 0008E 00000009
102441 0 1 0008F 00000000
102505 4 3 0008F 00000009
102520 0 2 0028F 00000000
102584 4 3 0028F 00000000
102601 0 1 00090 00000000
102665 4 3 00090 0000000A
102681 0 1 00091 00000000
102745 4 3 00091 0000000A
102761 0 1 00092 00000000
102825 4 3 00092 0000000A
102841 0 1 00093 00000000
102905 4 3 00093 0000000A
102921 0 1 00094 00000000
102985 4 3 00094 0000000A
103001 0 1 00095 00000000
103065 4 3 00095 0000000A
103081 0 1 00096 00000000
103145 4 3 00096 0000000A
103161 0 1 00097 00000000
103225 4 3 00097 0000000A
103241 0 1 00098 00000000
103305 4 3 00098 0000000A
103308 0 1 00180 00000000
103372 4 3 00180 00000009
103387 0 1 00099 00000000
103451 4 3 00099 0000000A
103454 0 1 00190 00000000
103518 4 3 00190 0000000A
103533 0 1 0009A 00000000
103597 4 3 0009A 0000000A
103613 0 1 0009B 00000000
103677 4 3 0009B 0000000A
103693 0 1 0009C 00000000
103757 4 3 0009C 0000000A
103773 0 1 0009D 00000000
103837 4 3 0009D 0000000A
103853 0 1 0009E 00000000
103917 4 3 0009E 0000000A
103933 0 1 0009F 00000000
103997 4 3 0009F 0000000A
104012 0 2 00290 00000000
104076 4 3 00290 00000000
104090 0 3 00290 00000550
104092 0 1 00090 00000000
104156 4 3 00090 0000000A
104271 0 1 00181 00000000
104335 4 3 00181 00000009
104351 0 1 00191 00000000
104415 4 3 00191 0000000A
104513 0 2 00291 00000000
104577 4 3 00291 00000000
104605 0 3 00291 00000550
104607 0 1 00091 00000000
104671 4 3 00091 0000000A
104772 0 1 00182 00000000
104836 4 3 00182 00000009
104852 0 1 00192 00000000
104916 4 3 00192 0000000A
105014 0 2 00292 00000000
105078 4 3 00292 00000000
105120 0 3 00292 00000550
105122 0 1 00092 00000000
105186 4 3 00092 0000000A
105273 0 1 00183 00000000
105337 4 3 00183 00000009
105353 0 1 00193 00000000
105417 4 3 00193 0000000A
105515 0 2 00293 00000000
105579 4 3 00293 00000000
105635 0 3 00293 00000550
105637 0 1 00093 00000000
105701 4 3 00093 0000000A
105774 0 1 00184 00000000
105838 4 3 00184 00000009
105854 0 1 00194 00000000
105918 4 3 00194 0000000A
106016 0 2 00294 00000000
106080 4 3 00294 00000000
106150 0 3 00294 00000550
106152 0 1 00094 00000000
106216 4 3 00094 0000000A
106275 0 1 00185 00000000
106339 4 3 00185 00000009
106355 0 1 00195 00000000
106419 4 3 00195 0000000A
106517 0 2 00295 00000000
106581 4 3 00295 00000000
106665 0 3 00295 00000550
106667 0 1 00095 00000000
106731 4 3 00095 0000000A
106776 0 1 00186 00000000
106840 4 3 00186 00000009
106856 0 1 00196 00000000
106920 4 3 00196 0000000A
107018 0 2 00296 00000000
107082 4 3 00296 00000000
107180 0 3 00296 00000550
107182 0 1 00096 00000000
107246 4 3 00096 0000000A
107277 0 1 00187 00000000
107341 4 3 00187 00000009
107357 0 1 00197 00000000
107421 4 3 00197 0000000A
107519 0 2 00297 00000000
107583 4 3 00297 00000000
107695 0 3 00297 00000550
107697 0 1 00097 00000000
107761 4 3 00097 0000000A
107778 0 1 00188 00000000
107842 4 3 00188 00000009
107858 0 1 00198 00000000
107922 4 3 00198 0000000A
108020 0 2 00298 00000000
108084 4 3 00298 00000000
108210 0 3 00298 00000550
108212 0 1 00098 00000000
108276 4 3 00098 0000000A
108279 0 1 00189 00000000
108343 4 3 00189 00000009
108359 0 1 00199 00000000
108423 4 3 00199 0000000A
108521 0 2 00299 00000000
108585 4 3 00299 00000000
108712 0 1 0018A 00000000
108776 4 3 0018A 00000009
108791 0 3 00299 00000550
108793 0 1 00099 00000000
108857 4 3 00099 0000000A
108860 0 1 0019A 00000000
108924 4 3 0019A 0000000A
108939 0 1 0009A 00000000
109003 4 3 0009A 0000000A
109088 0 2 0029A 00000000
109152 4 3 0029A 00000000
109279 0 1 0018B 00000000
109343 4 3 0018B 00000009
109359 0 1 0019B 00000000
109423 4 3 0019B 0000000A
109438 0 3 0029A 00000550
109440 0 1 0009A 00000000
109504 4 3 0009A 0000000A
109520 0 1 0009B 00000000
109584 4 3 0009B 0000000A
109655 0 2 0029B 00000000
109719 4 3 0029B 00000000
109846 0 1 0018C 00000000
109910 4 3 0018C 00000009
109926 0 1 0019C 00000000
109990 4 3 0019C 0000000A
110019 0 3 0029B 00000550
110021 0 1 0009B 00000000
110085 4 3 0009B 0000000A
110101 0 1 0009C 00000000
110165 4 3 0009C 0000000A
110222 0 2 0029C 00000000
110286 4 3 0029C 00000000
110413 0 1 0018D 00000000
110477 4 3 0018D 00000009
110493 0 1 0019D 00000000
110557 4 3 0019D 0000000A
110600 0 3 0029C 00000550
110602 0 1 0009C 00000000
110666 4 3 0009C 0000000A
110682 0 1 0009D 00000000
110746 4 3 0009D 0000000A
110789 0 2 0029D 00000000
110853 4 3 0029D 00000000
110980 0 1 0018E 00000000
111044 4 3 0018E 00000009
111060 0 1 0019E 00000000
111124 4 3 0019E 0000000A
111181 0 3 0029D 00000550
111183 0 1 0009D 00000000
111247 4 3 0009D 0000000A
111263 0 1 0009E 00000000
111327 4 3 0009E 0000000A
111356 0 2 0029E 00000000
111420 4 3 0029E 00000000
111547 0 3 0028F 000004C8
111549 0 1 0018F 00000000
111613 4 3 0018F 00000009
111629 0 1 0019F 00000000
111693 4 3 0019F 0000000A
111764 0 3 0029E 00000550
111766 0 1 0009E 00000000
111830 4 3 0009E 0000000A
111846 0 1 0009F 00000000
111910 4 3 0009F 0000000A
111925 0 2 0029F 00000000
111989 4 3 0029F 00000000
112006 0 1 000A0 00000000
112070 4 3 000A0 0000000B
112086 0 1 000A1 00000000
112150 4 3 000A1 0000000B
112166 0 1 000A2 00000000
112230 4 3 000A2 0000000B
112246 0 1 000A3 00000000
112310 4 3 000A3 0000000B
112326 0 1 000A4 00000000
112390 4 3 000A4 0000000B
112406 0 1 000A5 00000000
112470 4 3 000A5 0000000B
112486 0 1 000A6 00000000
112550 4 3 000A6 0000000B
112566 0 1 000A7 00000000
112630 4 3 000A7 0000000B
112646 0 1 000A8 00000000
112710 4 3 000A8 0000000B
112726 0 1 000A9 00000000
112790 4 3 000A9 0000000B
112793 0 1 00190 00000000
112857 4 3 00190 0000000A
112872 0 1 000AA 00000000
112936 4 3 000AA 0000000B
112939 0 1 001A0 00000000
113003 4 3 001A0 0000000B
113018 0 1 000AB 00000000
113082 4 3 000AB 0000000B
113098 0 1 000AC 00000000
113162 4 3 000AC 0000000B
113178 0 1 000AD 00000000
113242 4 3 000AD 0000000B
113258 0 1 000AE 00000000
113322 4 3 000AE 0000000B
113338 0 1 000AF 00000000
113402 4 3 000AF 0000000B
113417 0 2 002A0 00000000
113481 4 3 002A0 00000000
113495 0 3 002A0 000005D8
113497 0 1 000A0 00000000
113561 4 3 000A0 0000000B
113690 0 1 00191 00000000
113754 4 3 00191 0000000A
113770 0 1 001A1 00000000
113834 4 3 001A1 0000000B
113918 0 2 002A1 00000000
113982 4 3 002A1 00000000
114010 0 3 002A1 000005D8
114012 0 1 000A1 00000000
114076 4 3 000A1 0000000B
114191 0 1 00192 00000000
114255 4 3 00192 0000000A
114271 0 1 001A2 00000000
114335 4 3 001A2 0000000B
114419 0 2 002A2 00000000
114483 4 3 002A2 00000000
114525 0 3 002A2 000005D8
114527 0 1 000A2 00000000
114591 4 3 000A2 0000000B
114692 0 1 00193 00000000
114756 4 3 00193 0000000A
114772 0 1 001A3 00000000
114836 4 3 001A3 0000000B
114920 0 2 002A3 00000000
114984 4 3 002A3 00000000
115040 0 3 002A3 000005D8
115042 0 1 000A3 00000000
115106 4 3 000A3 0000000B
115193 0 1 00194 00000000
115257 4 3 00194 0000000A
115273 0 1 001A4 00000000
115337 4 3 001A4 0000000B
115421 0 2 002A4 00000000
115485 4 3 002A4 00000000
115555 0 3 002A4 000005D8
115557 0 1 000A4 00000000
115621 4 3 000A4 0000000B
115694 0 1 00195 00000000
115758 4 3 00195 0000000A
115774 0 1 001A5 00000000
115838 4 3 001A5 0000000B
115922 0 2 002A5 00000000
115986 4 3 002A5 00000000
116070 0 3 002A5 000005D8
116072 0 1 000A5 00000000
116136 4 3 000A5 0000000B
116195 0 1 00196 00000000
116259 4 3 00196 0000000A
116275 0 1 001A6 00000000
116339 4 3 001A6 0000000B
116423 0 2 002A6 00000000
116487 4 3 002A6 00000000
116585 0 3 002A6 000005D8
116587 0 1 000A6 00000000
116651 4 3 000A6 0000000B
116696 0 1 00197 00000000
116760 4 3 00197 0000000A
116776 0 1 001A7 00000000
116840 4 3 001A7 0000000B
116924 0 2 002A7 00000000
116988 4 3 002A7 00000000
117100 0 3 002A7 000005D8
117102 0 1 000A7 00000000
117166 4 3 000A7 0000000B
117197 0 1 00198 00000000
117261 4 3 00198 0000000A
117277 0 1 001A8 00000000
117341 4 3 001A8 0000000B
117425 0 2 002A8 00000000
117489 4 3 002A8 00000000
117615 0 3 002A8 000005D8
117617 0 1 000A8 00000000
117681 4 3 000A8 0000000B
117698 0 1 00199 00000000
117762 4 3 00199 0000000A
117778 0 1 001A9 00000000
117842 4 3 001A9 0000000B
117926 0 2 002A9 00000000
117990 4 3 002A9 00000000
118130 0 3 002A9 000005D8
118132 0 1 000A9 00000000
118196 4 3 000A9 0000000B
118199 0 1 0019A 00000000
118263 4 3 0019A 0000000A
118279 0 1 001AA 00000000
118343 4 3 001AA 0000000B
118427 0 2 002AA 00000000
118491 4 3 002AA 00000000
118632 0 1 0019B 00000000
118696 4 3 0019B 0000000A
118711 0 3 002AA 000005D8
118713 0 1 000AA 00000000
118777 4 3 000AA 0000000B
118780 0 1 001AB 00000000
118844 4 3 001AB 0000000B
118859 0 1 000AB 00000000
118923 4 3 000AB 0000000B
118994 0 2 002AB 00000000
119058 4 3 002AB 00000000
119199 0 1 0019C 00000000
119263 4 3 0019C 0000000A
119279 0 1 001AC 00000000
119343 4 3 001AC 0000000B
119358 0 3 002AB 000005D8
119360 0 1 000AB 00000000
119424 4 3 000AB 0000000B
119440 0 1 000AC 00000000
119504 4 3 000AC 0000000B
119561 0 2 002AC 00000000
119625 4 3 002AC 00000000
119766 0 1 0019D 00000000
119830 4 3 0019D 0000000A
119846 0 1 001AD 00000000
119910 4 3 001AD 0000000B
119939 0 3 002AC 000005D8
119941 0 1 000AC 00000000
120005 4 3 000AC 0000000B
120021 0 1 000AD 00000000
120085 4 3 000AD 0000000B
120128 0 2 002AD 00000000
120192 4 3 002AD 00000000
120333 0 1 0019E 00000000
120397 4 3 0019E 0000000A
120413 0 1 001AE 00000000
120477 4 3 001AE 0000000B
120520 0 3 002AD 000005D8
120522 0 1 000AD 00000000
120586 4 3 000AD 0000000B
120602 0 1 000AE 00000000
120666 4 3 000AE 0000000B
120695 0 2 002AE 00000000
120759 4 3 002AE 00000000
120900 0 3 0029F 00000550
120902 0 1 0019F 00000000
120966 4 3 0019F 0000000A
120982 0 1 001AF 00000000
121046 4 3 001AF 0000000B
121103 0 3 002AE 000005D8
121105 0 1 000AE 00000000
121169 4 3 000AE 0000000B
121185 0 1 000AF 00000000
121249 4 3 000AF 0000000B
121264 0 2 002AF 00000000
121328 4 3 002AF 00000000
121345 0 1 000B0 00000000
121409 4 3 000B0 0000000C
121425 0 1 000B1 00000000
121489 4 3 000B1 0000000C
121505 0 1 000B2 00000000
121569 4 3 000B2 0000000C
121585 0 1 000B3 00000000
121649 4 3 000B3 0000000C
121665 0 1 000B4 00000000
121729 4 3 000B4 0000000C
121745 0 1 000B5 00000000
121809 4 3 000B5 0000000C
121825 0 1 000B6 00000000
121889 4 3 000B6 0000000C
121905 0 1 000B7 00000000
121969 4 3 000B7 0000000C
121985 0 1 000B8 00000000
122049 4 3 000B8 0000000C
122065 0 1 000B9 00000000
122129 4 3 000B9 0000000C
122145 0 1 000BA 00000000
122209 4 3 000BA 0000000C
122212 0 1 001A0 00000000
122276 4 3 001A0 0000000B
122291 0 1 000BB 00000000
122355 4 3 000BB 0000000C
122358 0 1 001B0 00000000
122422 4 3 001B0 0000000C
122437 0 1 000BC 00000000
122501 4 3 000BC 0000000C
122517 0 1 000BD 00000000
122581 4 3 000BD 0000000C
122597 0 1 000BE 00000000
122661 4 3 000BE 0000000C
122677 0 1 000BF 00000000
122741 4 3 000BF 0000000C
122756 0 2 002B0 00000000
122820 4 3 002B0 00000000
122834 0 3 002B0 00000660
122836 0 1 000B0 00000000
122900 4 3 000B0 0000000C
123043 0 1 001A1 00000000
123107 4 3 001A1 0000000B
123123 0 1 001B1 00000000
123187 4 3 001B1 0000000C
123257 0 2 002B1 00000000
123321 4 3 002B1 00000000
123349 0 3 002B1 00000660
123351 0 1 000B1 00000000
123415 4 3 000B1 0000000C
123544 0 1 001A2 00000000
123608 4 3 001A2 0000000B
123624 0 1 001B2 00000000
123688 4 3 001B2 0000000C
123758 0 2 002B2 00000000
123822 4 3 002B2 00000000
123864 0 3 002B2 00000660
123866 0 1 000B2 00000000
123930 4 3 000B2 0000000C
124045 0 1 001A3 00000000
124109 4 3 001A3 0000000B
124125 0 1 001B3 00000000
124189 4 3 001B3 0000000C
124259 0 2 002B3 00000000
124323 4 3 002B3 00000000
124379 0 3 002B3 00000660
124381 0 1 000B3 00000000
124445 4 3 000B3 0000000C
124546 0 1 001A4 00000000
124610 4 3 001A4 0000000B
124626 0 1 001B4 00000000
124690 4 3 001B4 0000000C
124760 0 2 002B4 00000000
124824 4 3 002B4 00000000
124894 0 3 002B4 00000660
124896 0 1 000B4 00000000
124960 4 3 000B4 0000000C
125047 0 1 001A5 00000000
125111 4 3 001A5 0000000B
125127 0 1 001B5 00000000
125191 4 3 001B5 0000000C
125261 0 2 002B5 00000000
125325 4 3 002B5 00000000
125409 0 3 002B5 00000660
125411 0 1 000B5 00000000
125475 4 3 000B5 0000000C
125548 0 1 001A6 00000000
125612 4 3 001A6 0000000B
125628 0 1 001B6 00000000
125692 4 3 001B6 0000000C
125762 0 2 002B6 00000000
125826 4 3 002B6 00000000
125924 0 3 002B6 00000660
125926 0 1 000B6 00000000
125990 4 3 000B6 0000000C
126049 0 1 001A7 00000000
126113 4 3 001A7 0000000B
126129 0 1 001B7 00000000
126193 4 3 001B7 0000000C
126263 0 2 002B7 00000000
126327 4 3 002B7 00000000
126439 0 3 002B7 00000660
126441 0 1 000B7 00000000
126505 4 3 000B7 0000000C
126550 0 1 001A8 00000000
126614 4 3 001A8 0000000B
126630 0 1 001B8 00000000
126694 4 3 001B8 0000000C
126764 0 2 002B8 00000000
126828 4 3 002B8 00000000
126954 0 3 002B8 00000660
126956 0 1 000B8 00000000
127020 4 3 000B8 0000000C
127051 0 1 001A9 00000000
127115 4 3 001A9 0000000B
127131 0 1 001B9 00000000
127195 4 3 001B9 0000000C
127265 0 2 002B9 00000000
127329 4 3 002B9 00000000
127469 0 3 002B9 00000660
127471 0 1 000B9 00000000
127535 4 3 000B9 0000000C
127552 0 1 001AA 00000000
127616 4 3 001AA 0000000B
127632 0 1 001BA 00000000
127696 4 3 001BA 0000000C
127766 0 2 002BA 00000000
127830 4 3 002BA 00000000
127984 0 3 002BA 00000660
127986 0 1 000BA 00000000
128050 4 3 000BA 0000000C
128053 0 1 001AB 00000000
128117 4 3 001AB 0000000B
128133 0 1 001BB 00000000
128197 4 3 001BB 0000000C
128267 0 2 002BB 00000000
128331 4 3 002BB 00000000
128486 0 1 001AC 00000000
128550 4 3 001AC 0000000B
128565 0 3 002BB 00000660
128567 0 1 000BB 00000000
128631 4 3 000BB 0000000C
128634 0 1 001BC 00000000
128698 4 3 001BC 0000000C
128713 0 1 000BC 00000000
128777 4 3 000BC 0000000C
128834 0 2 002BC 00000000
128898 4 3 002BC 00000000
129053 0 1 001AD 00000000
129117 4 3 001AD 0000000B
129133 0 1 001BD 00000000
129197 4 3 001BD 0000000C
129212 0 3 002BC 00000660
129214 0 1 000BC 00000000
129278 4 3 000BC 0000000C
129294 0 1 000BD 00000000
129358 4 3 000BD 0000000C
129401 0 2 002BD 00000000
129465 4 3 002BD 00000000
129620 0 1 001AE 00000000
129684 4 3 001AE 0000000B
129700 0 1 001BE 00000000
129764 4 3 001BE 0000000C
129793 0 3 002BD 00000660
129795 0 1 000BD 00000000
129859 4 3 000BD 0000000C
129875 0 1 000BE 00000000
129939 4 3 000BE 0000000C
129968 0 2 002BE 00000000
130032 4 3 002BE 00000000
130187 0 3 002AF 000005D8
130189 0 1 001AF 00000000
130253 4 3 001AF 0000000B
130269 0 1 001BF 00000000
130333 4 3 001BF 0000000C
130376 0 3 002BE 00000660
130378 0 1 000BE 00000000
130442 4 3 000BE 0000000C
130458 0 1 000BF 00000000
130522 4 3 000BF 0000000C
130537 0 2 002BF 00000000
130601 4 3 002BF 00000000
130618 0 1 000C0 00000000
130682 4 3 000C0 0000000D
130698 0 1 000C1 00000000
130762 4 3 000C1 0000000D
130778 0 1 000C2 00000000
130842 4 3 000C2 0000000D
130858 0 1 000C3 00000000
130922 4 3 000C3 0000000D
130938 0 1 000C4 00000000
131002 4 3 000C4 0000000D
131018 0 1 000C5 00000000
131082 4 3 000C5 0000000D
131098 0 1 000C6 00000000
131162 4 3 000C6 0000000D
131178 0 1 000C7 00000000
131242 4 3 000C7 0000000D
131258 0 1 000C8 00000000
131322 4 3 000C8 0000000D
131338 0 1 000C9 00000000
131402 4 3 000C9 0000000D
131418 0 1 000CA 00000000
131482 4 3 000CA 0000000D
131498 0 1 000CB 00000000
131562 4 3 000CB 0000000D
131565 0 1 001B0 00000000
131629 4 3 001B0 0000000C
131644 0 1 000CC 00000000
131708 4 3 000CC 0000000D
131711 0 1 001C0 00000000
131775 4 3 001C0 0000000D
131790 0 1 000CD 00000000
131854 4 3 000CD 0000000D
131870 0 1 000CE 00000000
131934 4 3 000CE 0000000D
131950 0 1 000CF 00000000
132014 4 3 000CF 0000000D
132029 0 2 002C0 00000000
132093 4 3 002C0 00000000
132107 0 3 002C0 000006E8
132109 0 1 000C0 00000000
132173 4 3 000C0 0000000D
132330 0 1 001B1 00000000
132394 4 3 001B1 0000000C
132410 0 1 001C1 00000000
132474 4 3 001C1 0000000D
132530 0 2 002C1 00000000
132594 4 3 002C1 00000000
132622 0 3 002C1 000006E8
132624 0 1 000C1 00000000
132688 4 3 000C1 0000000D
132831 0 1 001B2 00000000
132895 4 3 001B2 0000000C
132911 0 1 001C2 00000000
132975 4 3 001C2 0000000D
133031 0 2 002C2 00000000
133095 4 3 002C2 00000000
133137 0 3 002C2 000006E8
133139 0 1 000C2 00000000
133203 4 3 000C2 0000000D
133332 0 1 001B3 00000000
133396 4 3 001B3 0000000C
133412 0 1 001C3 00000000
133476 4 3 001C3 0000000D
133532 0 2 002C3 00000000
133596 4 3 002C3 00000000
133652 0 3 002C3 000006E8
133654 0 1 000C3 00000000
133718 4 3 000C3 0000000D
133833 0 1 001B4 00000000
133897 4 3 001B4 0000000C
133913 0 1 001C4 00000000
133977 4 3 001C4 0000000D
134033 0 2 002C4 00000000
134097 4 3 002C4 00000000
134167 0 3 002C4 000006E8
134169 0 1 000C4 00000000
134233 4 3 000C4 0000000D
134334 0 1 001B5 00000000
134398 4 3 001B5 0000000C
134414 0 1 001C5 00000000
134478 4 3 001C5 0000000D
134534 0 2 002C5 00000000
134598 4 3 002C5 00000000
134682 0 3 002C5 000006E8
134684 0 1 000C5 00000000
134748 4 3 000C5 0000000D
134835 0 1 001B6 00000000
134899 4 3 001B6 0000000C
134915 0 1 001C6 00000000
134979 4 3 001C6 0000000D
135035 0 2 002C6 00000000
135099 4 3 002C6 00000000
135197 0 3 002C6 000006E8
135199 0 1 000C6 00000000
135263 4 3 000C6 0000000D
135336 0 1 001B7 00000000
135400 4 3 001B7 0000000C
135416 0 1 001C7 00000000
135480 4 3 001C7 0000000D
135536 0 2 002C7 00000000
135600 4 3 002C7 00000000
135712 0 3 002C7 000006E8
135714 0 1 000C7 00000000
135778 4 3 000C7 0000000D
135837 0 1 001B8 00000000
135901 4 3 001B8 0000000C
135917 0 1 001C8 00000000
135981 4 3 001C8 0000000D
136037 0 2 002C8 00000000
136101 4 3 002C8 00000000
136227 0 3 002C8 000006E8
136229 0 1 000C8 00000000
136293 4 3 000C8 0000000D
136338 0 1 001B9 00000000
136402 4 3 001B9 0000000C
136418 0 1 001C9 00000000
136482 4 3 001C9 0000000D
136538 0 2 002C9 00000000
136602 4 3 002C9 00000000
136742 0 3 002C9 000006E8
136744 0 1 000C9 00000000
136808 4 3 000C9 0000000D
136839 0 1 001BA 00000000
136903 4 3 001BA 0000000C
136919 0 1 001CA 00000000
136983 4 3 001CA 0000000D
137039 0 2 002CA 00000000
137103 4 3 002CA 00000000
137257 0 3 002CA 000006E8
137259 0 1 000CA 00000000
137323 4 3 000CA 0000000D
137340 0 1 001BB 00000000
137404 4 3 001BB 0000000C
137420 0 1 001CB 00000000
137484 4 3 001CB 0000000D
137540 0 2 002CB 00000000
137604 4 3 002CB 00000000
137772 0 3 002CB 000006E8
137774 0 1 000CB 00000000
137838 4 3 000CB 0000000D
137841 0 1 001BC 00000000
137905 4 3 001BC 0000000C
137921 0 1 001CC 00000000
137985 4 3 001CC 0000000D
138041 0 2 002CC 00000000
138105 4 3 002CC 00000000
138274 0 1 001BD 00000000
138338 4 3 001BD 0000000C
138353 0 3 002CC 000006E8
138355 0 1 000CC 00000000
138419 4 3 000CC 0000000D
138422 0 1 001CD 00000000
138486 4 3 001CD 0000000D
138501 0 1 000CD 00000000
138565 4 3 000CD 0000000D
138608 0 2 002CD 00000000
138672 4 3 002CD 00000000
138841 0 1 001BE 00000000
138905 4 3 001BE 0000000C
138921 0 1 001CE 00000000
138985 4 3 001CE 0000000D
139000 0 3 002CD 000006E8
139002 0 1 000CD 00000000
139066 4 3 000CD 0000000D
139082 0 1 000CE 00000000
139146 4 3 000CE 0000000D
139175 0 2 002CE 00000000
139239 4 3 002CE 00000000
139408 0 3 002BF 00000660
139410 0 1 001BF 00000000
139474 4 3 001BF 0000000C
139490 0 1 001CF 00000000
139554 4 3 001CF 0000000D
139583 0 3 002CE 000006E8
139585 0 1 000CE 00000000
139649 4 3 000CE 0000000D
139665 0 1 000CF 00000000
139729 4 3 000CF 0000000D
139744 0 2 002CF 00000000
139808 4 3 002CF 00000000
139825 0 1 000D0 00000000
139889 4 3 000D0 0000000E
139905 0 1 000D1 00000000
139969 4 3 000D1 0000000E
139985 0 1 000D2 00000000
140049 4 3 000D2 0000000E
140065 0 1 000D3 00000000
140129 4 3 000D3 0000000E
140145 0 1 000D4 00000000
140209 4 3 000D4 0000000E
140225 0 1 000D5 00000000
140289 4 3 000D5 0000000E
140305 0 1 000D6 00000000
140369 4 3 000D6 0000000E
140385 0 1 000D7 00000000
140449 4 3 000D7 0000000E
140465 0 1 000D8 00000000
140529 4 3 000D8 0000000E
140545 0 1 000D9 00000000
140609 4 3 000D9 0000000E
140625 0 1 000DA 00000000
140689 4 3 000DA 0000000E
140705 0 1 000DB 00000000
140769 4 3 000DB 0000000E
140785 0 1 000DC 00000000
140849 4 3 000DC 0000000E
140852 0 1 001C0 00000000
140916 4 3 001C0 0000000D
140931 0 1 000DD 00000000
140995 4 3 000DD 0000000E
140998 0 1 001D0 00000000
141062 4 3 001D0 0000000E
141077 0 1 000DE 00000000
141141 4 3 000DE 0000000E
141157 0 1 000DF 00000000
141221 4 3 000DF 0000000E
141236 0 2 002D0 00000000
141300 4 3 002D0 00000000
141314 0 3 002D0 00000770
141316 0 1 000D0 00000000
141380 4 3 000D0 0000000E
141551 0 1 001C1 00000000
141615 4 3 001C1 0000000D
141631 0 1 001D1 00000000
141695 4 3 001D1 0000000E
141737 0 2 002D1 00000000
141801 4 3 002D1 00000000
141829 0 3 002D1 00000770
141831 0 1 000D1 00000000
141895 4 3 000D1 0000000E
142052 0 1 001C2 00000000
142116 4 3 001C2 0000000D
142132 0 1 001D2 00000000
142196 4 3 001D2 0000000E
142238 0 2 002D2 00000000
142302 4 3 002D2 00000000
142344 0 3 002D2 00000770
142346 0 1 000D2 00000000
142410 4 3 000D2 0000000E
142553 0 1 001C3 00000000
142617 4 3 001C3 0000000D
142633 0 1 001D3 00000000
142697 4 3 001D3 0000000E
142739 0 2 002D3 00000000
142803 4 3 002D3 00000000
142859 0 3 002D3 00000770
142861 0 1 000D3 00000000
142925 4 3 000D3 0000000E
143054 0 1 001C4 00000000
143118 4 3 001C4 0000000D
143134 0 1 001D4 00000000
143198 4 3 001D4 0000000E
143240 0 2 002D4 00000000
143304 4 3 002D4 00000000
143374 0 3 002D4 00000770
143376 0 1 000D4 00000000
143440 4 3 000D4 0000000E
143555 0 1 001C5 00000000
143619 4 3 001C5 0000000D
143635 0 1 001D5 00000000
143699 4 3 001D5 0000000E
143741 0 2 002D5 00000000
143805 4 3 002D5 00000000
143889 0 3 002D5 00000770
143891 0 1 000D5 00000000
143955 4 3 000D5 0000000E
144056 0 1 001C6 00000000
144120 4 3 001C6 0000000D
144136 0 1 001D6 00000000
144200 4 3 001D6 0000000E
144242 0 2 002D6 00000000
144306 4 3 002D6 00000000
144404 0 3 002D6 00000770
144406 0 1 000D6 00000000
144470 4 3 000D6 0000000E
144557 0 1 001C7 00000000
144621 4 3 001C7 0000000D
144637 0 1 001D7 00000000
144701 4 3 001D7 0000000E
144743 0 2 002D7 00000000
144807 4 3 002D7 00000000
144919 0 3 002D7 00000770
144921 0 1 000D7 00000000
144985 4 3 000D7 0000000E
145058 0 1 001C8 00000000
145122 4 3 001C8 0000000D
145138 0 1 001D8 00000000
145202 4 3 001D8 0000000E
145244 0 2 002D8 00000000
145308 4 3 002D8 00000000
145434 0 3 002D8 00000770
145436 0 1 000D8 00000000
145500 4 3 000D8 0000000E
145559 0 1 001C9 00000000
145623 4 3 001C9 0000000D
145639 0 1 001D9 00000000
145703 4 3 001D9 0000000E
145745 0 2 002D9 00000000
145809 4 3 002D9 00000000
145949 0 3 002D9 00000770
145951 0 1 000D9 00000000
146015 4 3 000D9 0000000E
146060 0 1 001CA 00000000
146124 4 3 001CA 0000000D
146140 0 1 001DA 00000000
146204 4 3 001DA 0000000E
146246 0 2 002DA 00000000
146310 4 3 002DA 00000000
146464 0 3 002DA 00000770
146466 0 1 000DA 00000000
146530 4 3 000DA 0000000E
146561 0 1 001CB 00000000
146625 4 3 001CB 0000000D
146641 0 1 001DB 00000000
146705 4 3 001DB 0000000E
146747 0 2 002DB 00000000
146811 4 3 002DB 00000000
146979 0 3 002DB 00000770
146981 0 1 000DB 00000000
147045 4 3 000DB 0000000E
147062 0 1 001CC 00000000
147126 4 3 001CC 0000000D
147142 0 1 001DC 00000000
147206 4 3 001DC 0000000E
147248 0 2 002DC 00000000
147312 4 3 002DC 00000000
147494 0 3 002DC 00000770
147496 0 1 000DC 00000000
147560 4 3 000DC 0000000E
147563 0 1 001CD 00000000
147627 4 3 001CD 0000000D
147643 0 1 001DD 00000000
147707 4 3 001DD 0000000E
147749 0 2 002DD 00000000
147813 4 3 002DD 00000000
147996 0 1 001CE 00000000
148060 4 3 001CE 0000000D
148075 0 3 002DD 00000770
148077 0 1 000DD 00000000
148141 4 3 000DD 0000000E
148144 0 1 001DE 00000000
148208 4 3 001DE 0000000E
148223 0 1 000DE 00000000
148287 4 3 000DE 0000000E
148316 0 2 002DE 00000000
148380 4 3 002DE 00000000
148563 0 3 002CF 000006E8
148565 0 1 001CF 00000000
148629 4 3 001CF 0000000D
148645 0 1 001DF 00000000
148709 4 3 001DF 0000000E
148724 0 3 002DE 00000770
148726 0 1 000DE 00000000
148790 4 3 000DE 0000000E
148806 0 1 000DF 00000000
148870 4 3 000DF 0000000E
148885 0 2 002DF 00000000
148949 4 3 002DF 00000000
148966 0 1 000E0 00000000
149030 4 3 000E0 0000000F
149046 0 1 000E1 00000000
149110 4 3 000E1 0000000F
149126 0 1 000E2 00000000
149190 4 3 000E2 0000000F
149206 0 1 000E3 00000000
149270 4 3 000E3 0000000F
149286 0 1 000E4 00000000
149350 4 3 000E4 0000000F
149366 0 1 000E5 00000000
149430 4 3 000E5 0000000F
149446 0 1 000E6 00000000
149510 4 3 000E6 0000000F
149526 0 1 000E7 00000000
149590 4 3 000E7 0000000F
149606 0 1 000E8 00000000
149670 4 3 000E8 0000000F
149686 0 1 000E9 00000000
149750 4 3 000E9 0000000F
149766 0 1 000EA 00000000
149830 4 3 000EA 0000000F
149846 0 1 000EB 00000000
149910 4 3 000EB 0000000F
149926 0 1 000EC 00000000
149990 4 3 000EC 0000000F
150006 0 1 000ED 00000000
150070 4 3 000ED 0000000F
150073 0 1 001D0 00000000
150137 4 3 001D0 0000000E
150152 0 1 000EE 00000000
150216 4 3 000EE 0000000F
150219 0 1 001E0 00000000
150283 4 3 001E0 0000000F
150298 0 1 000EF 00000000
150362 4 3 000EF 0000000F
150377 0 2 002E0 00000000
150441 4 3 002E0 00000000
150455 0 3 002E0 000007F8
150457 0 1 000E0 00000000
150521 4 3 000E0 0000000F
150706 0 1 001D1 00000000
150770 4 3 001D1 0000000E
150786 0 1 001E1 00000000
150850 4 3 001E1 0000000F
150878 0 2 002E1 00000000
150942 4 3 002E1 00000000
150970 0 3 002E1 000007F8
150972 0 1 000E1 00000000
151036 4 3 000E1 0000000F
151207 0 1 001D2 00000000
151271 4 3 001D2 0000000E
151287 0 1 001E2 00000000
151351 4 3 001E2 0000000F
151379 0 2 002E2 00000000
151443 4 3 002E2 00000000
151485 0 3 002E2 000007F8
151487 0 1 000E2 00000000
151551 4 3 000E2 0000000F
151708 0 1 001D3 00000000
151772 4 3 001D3 0000000E
151788 0 1 001E3 00000000
151852 4 3 001E3 0000000F
151880 0 2 002E3 00000000
151944 4 3 002E3 00000000
152000 0 3 002E3 000007F8
152002 0 1 000E3 00000000
152066 4 3 000E3 0000000F
152209 0 1 001D4 00000000
152273 4 3 001D4 0000000E
152289 0 1 001E4 00000000
152353 4 3 001E4 0000000F
152381 0 2 002E4 00000000
152445 4 3 002E4 00000000
152515 0 3 002E4 000007F8
152517 0 1 000E4 00000000
152581 4 3 000E4 0000000F
152710 0 1 001D5 00000000
152774 4 3 001D5 0000000E
152790 0 1 001E5 00000000
152854 4 3 001E5 0000000F
152882 0 2 002E5 00000000
152946 4 3 002E5 00000000
153030 0 3 002E5 000007F8
153032 0 1 000E5 00000000
153096 4 3 000E5 0000000F
153211 0 1 001D6 00000000
153275 4 3 001D6 0000000E
153291 0 1 001E6 00000000
153355 4 3 001E6 0000000F
153383 0 2 002E6 00000000
153447 4 3 002E6 00000000
153545 0 3 002E6 000007F8
153547 0 1 000E6 00000000
153611 4 3 000E6 0000000F
153712 0 1 001D7 00000000
153776 4 3 001D7 0000000E
153792 0 1 001E7 00000000
153856 4 3 001E7 0000000F
153884 0 2 002E7 00000000
153948 4 3 002E7 00000000
154060 0 3 002E7 000007F8
154062 0 1 000E7 00000000
154126 4 3 000E7 0000000F
154213 0 1 001D8 00000000
154277 4 3 001D8 0000000E
154293 0 1 001E8 00000000
154357 4 3 001E8 0000000F
154385 0 2 002E8 00000000
154449 4 3 002E8 00000000
154575 0 3 002E8 000007F8
154577 0 1 000E8 00000000
154641 4 3 000E8 0000000F
154714 0 1 001D9 00000000
154778 4 3 001D9 0000000E
154794 0 1 001E9 00000000
154858 4 3 001E9 0000000F
154886 0 2 002E9 00000000
154950 4 3 002E9 00000000
155090 0 3 002E9 000007F8
155092 0 1 000E9 00000000
155156 4 3 000E9 0000000F
155215 0 1 001DA 00000000
155279 4 3 001DA 0000000E
155295 0 1 001EA 00000000
155359 4 3 001EA 0000000F
155387 0 2 002EA 00000000
155451 4 3 002EA 00000000
155605 0 3 002EA 000007F8
155607 0 1 000EA 00000000
155671 4 3 000EA 0000000F
155716 0 1 001DB 00000000
155780 4 3 001DB 0000000E
155796 0 1 001EB 00000000
155860 4 3 001EB 0000000F
155888 0 2 002EB 00000000
155952 4 3 002EB 00000000
156120 0 3 002EB 000007F8
156122 0 1 000EB 00000000
156186 4 3 000EB 0000000F
156217 0 1 001DC 00000000
156281 4 3 001DC 0000000E
156297 0 1 001EC 00000000
156361 4 3 001EC 0000000F
156389 0 2 002EC 00000000
156453 4 3 002EC 00000000
156635 0 3 002EC 000007F8
156637 0 1 000EC 00000000
156701 4 3 000EC 0000000F
156718 0 1 001DD 00000000
156782 4 3 001DD 0000000E
156798 0 1 001ED 00000000
156862 4 3 001ED 0000000F
156890 0 2 002ED 00000000
156954 4 3 002ED 00000000
157150 0 3 002ED 000007F8
157152 0 1 000ED 00000000
157216 4 3 000ED 0000000F
157219 0 1 001DE 00000000
157283 4 3 001DE 0000000E
157299 0 1 001EE 00000000
157363 4 3 001EE 0000000F
157391 0 2 002EE 00000000
157455 4 3 002EE 00000000
157652 0 3 002DF 00000770
157654 0 1 001DF 00000000
157718 4 3 001DF 0000000E
157733 0 3 002EE 000007F8
157735 0 1 000EE 00000000
157799 4 3 000EE 0000000F
157802 0 1 001EF 00000000
157866 4 3 001EF 0000000F
157881 0 1 000EF 00000000
157945 4 3 000EF 0000000F
157960 0 2 002EF 00000000
158024 4 3 002EF 00000000
158041 0 1 000F0 00000000
158105 4 3 000F0 00000010
158121 0 1 000F1 00000000
158185 4 3 000F1 00000010
158201 0 1 000F2 00000000
158265 4 3 000F2 00000010
158281 0 1 000F3 00000000
158345 4 3 000F3 00000010
158361 0 1 000F4 00000000
158425 4 3 000F4 00000010
158441 0 1 000F5 00000000
158505 4 3 000F5 00000010
158521 0 1 000F6 00000000
158585 4 3 000F6 00000010
158601 0 1 000F7 00000000
158665 4 3 000F7 00000010
158681 0 1 000F8 00000000
158745 4 3 000F8 00000010
158761 0 1 000F9 00000000
158825 4 3 000F9 00000010
158841 0 1 000FA 00000000
158905 4 3 000FA 00000010
158921 0 1 000FB 00000000
158985 4 3 000FB 00000010
159001 0 1 000FC 00000000
159065 4 3 000FC 00000010
159081 0 1 000FD 00000000
159145 4 3 000FD 00000010
159161 0 1 000FE 00000000
159225 4 3 000FE 00000010
159228 0 1 001E0 00000000
159292 4 3 001E0 0000000F
159307 0 1 000FF 00000000
159371 4 3 000FF 00000010
159374 0 1 001F0 00000000
159438 4 3 001F0 00000010
159452 0 2 002F0 00000000
159516 4 3 002F0 00000000
159530 0 3 002F0 00000880
159532 0 1 000F0 00000000
159596 4 3 000F0 00000010
159795 0 1 001E1 00000000
159859 4 3 001E1 0000000F
159875 0 1 001F1 00000000
159939 4 3 001F1 00000010
159953 0 2 002F1 00000000
160017 4 3 002F1 00000000
160045 0 3 002F1 00000880
160047 0 1 000F1 00000000
160111 4 3 000F1 00000010
160296 0 1 001E2 00000000
160360 4 3 001E2 0000000F
160376 0 1 001F2 00000000
160440 4 3 001F2 00000010
160454 0 2 002F2 00000000
160518 4 3 002F2 00000000
160560 0 3 002F2 00000880
160562 0 1 000F2 00000000
160626 4 3 000F2 00000010
160797 0 1 001E3 00000000
160861 4 3 001E3 0000000F
160877 0 1 001F3 00000000
160941 4 3 001F3 00000010
160955 0 2 002F3 00000000
161019 4 3 002F3 00000000
161075 0 3 002F3 00000880
161077 0 1 000F3 00000000
161141 4 3 000F3 00000010
161298 0 1 001E4 00000000
161362 4 3 001E4 0000000F
161378 0 1 001F4 00000000
161442 4 3 001F4 00000010
161456 0 2 002F4 00000000
161520 4 3 002F4 00000000
161590 0 3 002F4 00000880
161592 0 1 000F4 00000000
161656 4 3 000F4 00000010
161799 0 1 001E5 00000000
161863 4 3 001E5 0000000F
161879 0 1 001F5 00000000
161943 4 3 001F5 00000010
161957 0 2 002F5 00000000
162021 4 3 002F5 00000000
162105 0 3 002F5 00000880
162107 0 1 000F5 00000000
162171 4 3 000F5 00000010
162300 0 1 001E6 00000000
162364 4 3 001E6 0000000F
162380 0 1 001F6 00000000
162444 4 3 001F6 00000010
162458 0 2 002F6 00000000
162522 4 3 002F6 00000000
162620 0 3 002F6 00000880
162622 0 1 000F6 00000000
162686 4 3 000F6 00000010
162801 0 1 001E7 00000000
162865 4 3 001E7 0000000F
162881 0 1 001F7 00000000
162945 4 3 001F7 00000010
162959 0 2 002F7 00000000
163023 4 3 002F7 00000000
163135 0 3 002F7 00000880
163137 0 1 000F7 00000000
163201 4 3 000F7 00000010
163302 0 1 001E8 00000000
163366 4 3 001E8 0000000F
163382 0 1 001F8 00000000
163446 4 3 001F8 00000010
163460 0 2 002F8 00000000
163524 4 3 002F8 00000000
163650 0 3 002F8 00000880
163652 0 1 000F8 00000000
163716 4 3 000F8 00000010
163803 0 1 001E9 00000000
163867 4 3 001E9 0000000F
163883 0 1 001F9 00000000
163947 4 3 001F9 00000010
163961 0 2 002F9 00000000
164025 4 3 002F9 00000000
164165 0 3 002F9 00000880
164167 0 1 000F9 00000000
164231 4 3 000F9 00000010
164304 0 1 001EA 00000000
164368 4 3 001EA 0000000F
164384 0 1 001FA 00000000
164448 4 3 001FA 00000010
164462 0 2 002FA 00000000
164526 4 3 002FA 00000000
164680 0 3 002FA 00000880
164682 0 1 000FA 00000000
164746 4 3 000FA 00000010
164805 0 1 001EB 00000000
164869 4 3 001EB 0000000F
164885 0 1 001FB 00000000
164949 4 3 001FB 00000010
164963 0 2 002FB 00000000
165027 4 3 002FB 00000000
165195 0 3 002FB 00000880
165197 0 1 000FB 00000000
165261 4 3 000FB 00000010
165306 0 1 001EC 00000000
165370 4 3 001EC 0000000F
165386 0 1 001FC 00000000
165450 4 3 001FC 00000010
165464 0 2 002FC 00000000
165528 4 3 002FC 00000000
165710 0 3 002FC 00000880
165712 0 1 000FC 00000000
165776 4 3 000FC 00000010
165807 0 1 001ED 00000000
165871 4 3 001ED 0000000F
165887 0 1 001FD 00000000
165951 4 3 001FD 00000010
165965 0 2 002FD 00000000
166029 4 3 002FD 00000000
166225 0 3 002FD 00000880
166227 0 1 000FD 00000000
166291 4 3 000FD 00000010
166308 0 1 001EE 00000000
166372 4 3 001EE 0000000F
166388 0 1 001FE 00000000
166452 4 3 001FE 00000010
166466 0 2 002FE 00000000
166530 4 3 002FE 00000000
166740 0 3 002FE 00000880
166742 0 1 000FE 00000000
166806 4 3 000FE 00000010
166809 0 3 002EF 000007F8
166811 0 1 001EF 00000000
166875 4 3 001EF 0000000F
166891 0 1 001FF 00000000
166955 4 3 001FF 00000010
166969 0 2 002FF 00000000
167033 4 3 002FF 00000000
167261 0 1 001F0 00000000
167325 4 3 001F0 00000010
167339 0 2 00300 00000000
167403 4 3 00300 00000000
