6 0 1 00000 00000000
70 4 3 00000 00000000
72 1 1 00000 00000000
136 4 3 00000 00000000
138 2 1 00000 00000000
202 4 3 00000 00000000
204 3 1 00000 00000000
268 4 3 00000 00000000
270 0 2 00000 00000000
334 4 3 00000 00000000
336 1 1 00000 00000000
337 0 3 00000 00000001
347 1 2 00000 00000000
411 4 3 00000 00000001
413 2 1 00000 00000000
414 1 3 00000 00000002
416 0 1 00000 00000000
480 4 3 00000 00000002
482 2 2 00000 00000000
546 4 3 00000 00000002
548 3 1 00000 00000000
549 2 3 00000 00000003
551 0 1 00000 00000000
615 4 3 00000 00000003
617 1 1 00000 00000000
681 4 3 00000 00000003
683 3 2 00000 00000000
747 4 3 00000 00000003
749 0 1 00000 00000000
750 3 3 00000 00000004
760 0 2 00000 00000000
824 4 3 00000 00000004
826 1 1 00000 00000000
827 0 3 00000 00000005
837 1 2 00000 00000000
901 4 3 00000 00000005
903 2 1 00000 00000000
904 1 3 00000 00000006
906 0 1 00000 00000000
970 4 3 00000 00000006
972 2 2 00000 00000000
1036 4 3 00000 00000006
1038 3 1 00000 00000000
1039 2 3 00000 00000007
1041 0 1 00000 00000000
1105 4 3 00000 00000007
1107 1 1 00000 00000000
1171 4 3 00000 00000007
1173 3 2 00000 00000000
1237 4 3 00000 00000007
1239 0 1 00000 00000000
1240 3 3 00000 00000008
1250 0 2 00000 00000000
1314 4 3 00000 00000008
1316 1 1 00000 00000000
1317 0 3 00000 00000009
1327 1 2 00000 00000000
1391 4 3 00000 00000009
1393 2 1 00000 00000000
1394 1 3 00000 0000000A
1396 0 1 00000 00000000
1460 4 3 00000 0000000A
1462 2 2 00000 00000000
1526 4 3 00000 0000000A
1528 3 1 00000 00000000
1529 2 3 00000 0000000B
1531 0 1 00000 00000000
1595 4 3 00000 0000000B
1597 1 1 00000 00000000
1661 4 3 00000 0000000B
1663 3 2 00000 00000000
1727 4 3 00000 0000000B
1729 0 1 00000 00000000
1730 3 3 00000 0000000C
1740 0 2 00000 00000000
1804 4 3 00000 0000000C
1806 1 1 00000 00000000
1807 0 3 00000 0000000D
1817 1 2 00000 00000000
1881 4 3 00000 0000000D
1883 2 1 00000 00000000
1884 1 3 00000 0000000E
1886 0 1 00000 00000000
1950 4 3 00000 0000000E
1952 2 2 00000 00000000
2016 4 3 00000 0000000E
2018 3 1 00000 00000000
2019 2 3 00000 0000000F
2021 0 1 00000 00000000
2085 4 3 00000 0000000F
2087 1 1 00000 00000000
2151 4 3 00000 0000000F
2153 3 2 00000 00000000
2217 4 3 00000 0000000F
2219 0 1 00000 00000000
2220 3 3 00000 00000010
2230 0 2 00000 00000000
2294 4 3 00000 00000010
2296 1 1 00000 00000000
2297 0 3 00000 00000011
2307 1 2 00000 00000000
2371 4 3 00000 00000011
2373 2 1 00000 00000000
2374 1 3 00000 00000012
2376 0 1 00000 00000000
2440 4 3 00000 00000012
2442 2 2 00000 00000000
2506 4 3 00000 00000012
2508 3 1 00000 00000000
2509 2 3 00000 00000013
2511 0 1 00000 00000000
2575 4 3 00000 00000013
2577 1 1 00000 00000000
2641 4 3 00000 00000013
2643 3 2 00000 00000000
2707 4 3 00000 00000013
2709 0 1 00000 00000000
2710 3 3 00000 00000014
2720 0 2 00000 00000000
2784 4 3 00000 00000014
2786 1 1 00000 00000000
2787 0 3 00000 00000015
2797 1 2 00000 00000000
2861 4 3 00000 00000015
2863 2 1 00000 00000000
2864 1 3 00000 00000016
2866 0 1 00000 00000000
2930 4 3 00000 00000016
2932 2 2 00000 00000000
2996 4 3 00000 00000016
2998 3 1 00000 00000000
2999 2 3 00000 00000017
3001 0 1 00000 00000000
3065 4 3 00000 00000017
3067 1 1 00000 00000000
3131 4 3 00000 00000017
3133 3 2 00000 00000000
3197 4 3 00000 00000017
3199 0 1 00000 00000000
3200 3 3 00000 00000018
3210 0 2 00000 00000000
3274 4 3 00000 00000018
3276 1 1 00000 00000000
3277 0 3 00000 00000019
3287 1 2 00000 00000000
3351 4 3 00000 00000019
3353 2 1 00000 00000000
3354 1 3 00000 0000001A
3356 0 1 00000 00000000
3420 4 3 00000 0000001A
3422 2 2 00000 00000000
3486 4 3 00000 0000001A
3488 3 1 00000 00000000
3489 2 3 00000 0000001B
3491 0 1 00000 00000000
3555 4 3 00000 0000001B
3557 1 1 00000 00000000
3621 4 3 00000 0000001B
3623 3 2 00000 00000000
3687 4 3 00000 0000001B
3689 0 1 00000 00000000
3690 3 3 00000 0000001C
3700 0 2 00000 00000000
3764 4 3 00000 0000001C
3766 1 1 00000 00000000
3767 0 3 00000 0000001D
3777 1 2 00000 00000000
3841 4 3 00000 0000001D
3843 2 1 00000 00000000
3844 1 3 00000 0000001E
3846 0 1 00000 00000000
3910 4 3 00000 0000001E
3912 2 2 00000 00000000
3976 4 3 00000 0000001E
3978 3 1 00000 00000000
3979 2 3 00000 0000001F
3981 0 1 00000 00000000
4045 4 3 00000 0000001F
4047 1 1 00000 00000000
4111 4 3 00000 0000001F
4113 3 2 00000 00000000
4177 4 3 00000 0000001F
4179 0 1 00000 00000000
4180 3 3 00000 00000020
4190 0 2 00000 00000000
4254 4 3 00000 00000020
4256 1 1 00000 00000000
4257 0 3 00000 00000021
4267 1 2 00000 00000000
4331 4 3 00000 00000021
4333 2 1 00000 00000000
4334 1 3 00000 00000022
4336 0 1 00000 00000000
4400 4 3 00000 00000022
4402 2 2 00000 00000000
4466 4 3 00000 00000022
4468 3 1 00000 00000000
4469 2 3 00000 00000023
4471 0 1 00000 00000000
4535 4 3 00000 00000023
4537 1 1 00000 00000000
4601 4 3 00000 00000023
4603 3 2 00000 00000000
4667 4 3 00000 00000023
4669 0 1 00000 00000000
4670 3 3 00000 00000024
4680 0 2 00000 00000000
4744 4 3 00000 00000024
4746 1 1 00000 00000000
4747 0 3 00000 00000025
4757 1 2 00000 00000000
4821 4 3 00000 00000025
4823 2 1 00000 00000000
4824 1 3 00000 00000026
4826 0 1 00000 00000000
4890 4 3 00000 00000026
4892 2 2 00000 00000000
4956 4 3 00000 00000026
4958 3 1 00000 00000000
4959 2 3 00000 00000027
4961 0 1 00000 00000000
5025 4 3 00000 00000027
5027 1 1 00000 00000000
5091 4 3 00000 00000027
5093 3 2 00000 00000000
5157 4 3 00000 00000027
5159 0 1 00000 00000000
5160 3 3 00000 00000028
5170 0 2 00000 00000000
5234 4 3 00000 00000028
5236 1 1 00000 00000000
5237 0 3 00000 00000029
5247 1 2 00000 00000000
5311 4 3 00000 00000029
5313 2 1 00000 00000000
5314 1 3 00000 0000002A
5316 0 1 00000 00000000
5380 4 3 00000 0000002A
5382 2 2 00000 00000000
5446 4 3 00000 0000002A
5448 3 1 00000 00000000
5449 2 3 00000 0000002B
5451 0 1 00000 00000000
5515 4 3 00000 0000002B
5517 1 1 00000 00000000
5581 4 3 00000 0000002B
5583 3 2 00000 00000000
5647 4 3 00000 0000002B
5649 0 1 00000 00000000
5650 3 3 00000 0000002C
5660 0 2 00000 00000000
5724 4 3 00000 0000002C
5726 1 1 00000 00000000
5727 0 3 00000 0000002D
5737 1 2 00000 00000000
5801 4 3 00000 0000002D
5803 2 1 00000 00000000
5804 1 3 00000 0000002E
5806 0 1 00000 00000000
5870 4 3 00000 0000002E
5872 2 2 00000 00000000
5936 4 3 00000 0000002E
5938 3 1 00000 00000000
5939 2 3 00000 0000002F
5941 0 1 00000 00000000
6005 4 3 00000 0000002F
6007 1 1 00000 00000000
6071 4 3 00000 0000002F
6073 3 2 00000 00000000
6137 4 3 00000 0000002F
6139 0 1 00000 00000000
6140 3 3 00000 00000030
6150 0 2 00000 00000000
6214 4 3 00000 00000030
6216 1 1 00000 00000000
6217 0 3 00000 00000031
6227 1 2 00000 00000000
6291 4 3 00000 00000031
6293 2 1 00000 00000000
6294 1 3 00000 00000032
6296 0 1 00000 00000000
6360 4 3 00000 00000032
6362 2 2 00000 00000000
6426 4 3 00000 00000032
6428 3 1 00000 00000000
6429 2 3 00000 00000033
6431 0 1 00000 00000000
6495 4 3 00000 00000033
6497 1 1 00000 00000000
6561 4 3 00000 00000033
6563 3 2 00000 00000000
6627 4 3 00000 00000033
6629 0 1 00000 00000000
6630 3 3 00000 00000034
6640 0 2 00000 00000000
6704 4 3 00000 00000034
6706 1 1 00000 00000000
6707 0 3 00000 00000035
6717 1 2 00000 00000000
6781 4 3 00000 00000035
6783 2 1 00000 00000000
6784 1 3 00000 00000036
6786 0 1 00000 00000000
6850 4 3 00000 00000036
6852 2 2 00000 00000000
6916 4 3 00000 00000036
6918 3 1 00000 00000000
6919 2 3 00000 00000037
6921 0 1 00000 00000000
6985 4 3 00000 00000037
6987 1 1 00000 00000000
7051 4 3 00000 00000037
7053 3 2 00000 00000000
7117 4 3 00000 00000037
7119 0 1 00000 00000000
7120 3 3 00000 00000038
7130 0 2 00000 00000000
7194 4 3 00000 00000038
7196 1 1 00000 00000000
7197 0 3 00000 00000039
7207 1 2 00000 00000000
7271 4 3 00000 00000039
7273 2 1 00000 00000000
7274 1 3 00000 0000003A
7276 0 1 00000 00000000
7340 4 3 00000 0000003A
7342 2 2 00000 00000000
7406 4 3 00000 0000003A
7408 3 1 00000 00000000
7409 2 3 00000 0000003B
7411 0 1 00000 00000000
7475 4 3 00000 0000003B
7477 1 1 00000 00000000
7541 4 3 00000 0000003B
7543 3 2 00000 00000000
7607 4 3 00000 0000003B
7609 0 1 00000 00000000
7610 3 3 00000 0000003C
7620 0 2 00000 00000000
7684 4 3 00000 0000003C
7686 1 1 00000 00000000
7687 0 3 00000 0000003D
7697 1 2 00000 00000000
7761 4 3 00000 0000003D
7763 2 1 00000 00000000
7764 1 3 00000 0000003E
7766 0 1 00000 00000000
7830 4 3 00000 0000003E
7832 2 2 00000 00000000
7896 4 3 00000 0000003E
7898 3 1 00000 00000000
7899 2 3 00000 0000003F
7901 0 1 00000 00000000
7965 4 3 00000 0000003F
7967 1 1 00000 00000000
8031 4 3 00000 0000003F
8033 3 2 00000 00000000
8097 4 3 00000 0000003F
8099 0 1 00000 00000000
8100 3 3 00000 00000040
8110 0 2 00000 00000000
8174 4 3 00000 00000040
8176 1 1 00000 00000000
8177 0 3 00000 00000041
8187 1 2 00000 00000000
8251 4 3 00000 00000041
8253 2 1 00000 00000000
8254 1 3 00000 00000042
8256 0 1 00000 00000000
8320 4 3 00000 00000042
8322 2 2 00000 00000000
8386 4 3 00000 00000042
8388 3 1 00000 00000000
8389 2 3 00000 00000043
8391 0 1 00000 00000000
8455 4 3 00000 00000043
8457 1 1 00000 00000000
8521 4 3 00000 00000043
8523 3 2 00000 00000000
8587 4 3 00000 00000043
8589 0 1 00000 00000000
8590 3 3 00000 00000044
8600 0 2 00000 00000000
8664 4 3 00000 00000044
8666 1 1 00000 00000000
8667 0 3 00000 00000045
8677 1 2 00000 00000000
8741 4 3 00000 00000045
8743 2 1 00000 00000000
8744 1 3 00000 00000046
8746 0 1 00000 00000000
8810 4 3 00000 00000046
8812 2 2 00000 00000000
8876 4 3 00000 00000046
8878 3 1 00000 00000000
8879 2 3 00000 00000047
8881 0 1 00000 00000000
8945 4 3 00000 00000047
8947 1 1 00000 00000000
9011 4 3 00000 00000047
9013 3 2 00000 00000000
9077 4 3 00000 00000047
9079 0 1 00000 00000000
9080 3 3 00000 00000048
9090 0 2 00000 00000000
9154 4 3 00000 00000048
9156 1 1 00000 00000000
9157 0 3 00000 00000049
9167 1 2 00000 00000000
9231 4 3 00000 00000049
9233 2 1 00000 00000000
9234 1 3 00000 0000004A
9236 0 1 00000 00000000
9300 4 3 00000 0000004A
9302 2 2 00000 00000000
9366 4 3 00000 0000004A
9368 3 1 00000 00000000
9369 2 3 00000 0000004B
9371 0 1 00000 00000000
9435 4 3 00000 0000004B
9437 1 1 00000 00000000
9501 4 3 00000 0000004B
9503 3 2 00000 00000000
9567 4 3 00000 0000004B
9569 0 1 00000 00000000
9570 3 3 00000 0000004C
9580 0 2 00000 00000000
9644 4 3 00000 0000004C
9646 1 1 00000 00000000
9647 0 3 00000 0000004D
9657 1 2 00000 00000000
9721 4 3 00000 0000004D
9723 2 1 00000 00000000
9724 1 3 00000 0000004E
9726 0 1 00000 00000000
9790 4 3 00000 0000004E
9792 2 2 00000 00000000
9856 4 3 00000 0000004E
9858 3 1 00000 00000000
9859 2 3 00000 0000004F
9861 0 1 00000 00000000
9925 4 3 00000 0000004F
9927 1 1 00000 00000000
9991 4 3 00000 0000004F
9993 3 2 00000 00000000
10057 4 3 00000 0000004F
10059 0 1 00000 00000000
10060 3 3 00000 00000050
10070 0 2 00000 00000000
10134 4 3 00000 00000050
10136 1 1 00000 00000000
10137 0 3 00000 00000051
10147 1 2 00000 00000000
10211 4 3 00000 00000051
10213 2 1 00000 00000000
10214 1 3 00000 00000052
10216 0 1 00000 00000000
10280 4 3 00000 00000052
10282 2 2 00000 00000000
10346 4 3 00000 00000052
10348 3 1 00000 00000000
10349 2 3 00000 00000053
10351 0 1 00000 00000000
10415 4 3 00000 00000053
10417 1 1 00000 00000000
10481 4 3 00000 00000053
10483 3 2 00000 00000000
10547 4 3 00000 00000053
10549 0 1 00000 00000000
10550 3 3 00000 00000054
10560 0 2 00000 00000000
10624 4 3 00000 00000054
10626 1 1 00000 00000000
10627 0 3 00000 00000055
10637 1 2 00000 00000000
10701 4 3 00000 00000055
10703 2 1 00000 00000000
10704 1 3 00000 00000056
10706 0 1 00000 00000000
10770 4 3 00000 00000056
10772 2 2 00000 00000000
10836 4 3 00000 00000056
10838 3 1 00000 00000000
10839 2 3 00000 00000057
10841 0 1 00000 00000000
10905 4 3 00000 00000057
10907 1 1 00000 00000000
10971 4 3 00000 00000057
10973 3 2 00000 00000000
11037 4 3 00000 00000057
11039 0 1 00000 00000000
11040 3 3 00000 00000058
11050 0 2 00000 00000000
11114 4 3 00000 00000058
11116 1 1 00000 00000000
11117 0 3 00000 00000059
11127 1 2 00000 00000000
11191 4 3 00000 00000059
11193 2 1 00000 00000000
11194 1 3 00000 0000005A
11196 0 1 00000 00000000
11260 4 3 00000 0000005A
11262 2 2 00000 00000000
11326 4 3 00000 0000005A
11328 3 1 00000 00000000
11329 2 3 00000 0000005B
11331 0 1 00000 00000000
11395 4 3 00000 0000005B
11397 1 1 00000 00000000
11461 4 3 00000 0000005B
11463 3 2 00000 00000000
11527 4 3 00000 0000005B
11529 0 1 00000 00000000
11530 3 3 00000 0000005C
11540 0 2 00000 00000000
11604 4 3 00000 0000005C
11606 1 1 00000 00000000
11607 0 3 00000 0000005D
11617 1 2 00000 00000000
11681 4 3 00000 0000005D
11683 2 1 00000 00000000
11684 1 3 00000 0000005E
11686 0 1 00000 00000000
11750 4 3 00000 0000005E
11752 2 2 00000 00000000
11816 4 3 00000 0000005E
11818 3 1 00000 00000000
11819 2 3 00000 0000005F
11821 0 1 00000 00000000
11885 4 3 00000 0000005F
11887 1 1 00000 00000000
11951 4 3 00000 0000005F
11953 3 2 00000 00000000
12017 4 3 00000 0000005F
12019 0 1 00000 00000000
12020 3 3 00000 00000060
12030 0 2 00000 00000000
12094 4 3 00000 00000060
12096 1 1 00000 00000000
12097 0 3 00000 00000061
12107 1 2 00000 00000000
12171 4 3 00000 00000061
12173 2 1 00000 00000000
12174 1 3 00000 00000062
12176 0 1 00000 00000000
12240 4 3 00000 00000062
12242 2 2 00000 00000000
12306 4 3 00000 00000062
12308 3 1 00000 00000000
12309 2 3 00000 00000063
12311 0 1 00000 00000000
12375 4 3 00000 00000063
12377 1 1 00000 00000000
12441 4 3 00000 00000063
12443 3 2 00000 00000000
12507 4 3 00000 00000063
12509 0 1 00000 00000000
12510 3 3 00000 00000064
12520 0 2 00000 00000000
12584 4 3 00000 00000064
12586 1 1 00000 00000000
12587 0 3 00000 00000065
12597 1 2 00000 00000000
12661 4 3 00000 00000065
12663 2 1 00000 00000000
12664 1 3 00000 00000066
12666 0 1 00000 00000000
12730 4 3 00000 00000066
12732 2 2 00000 00000000
12796 4 3 00000 00000066
12798 3 1 00000 00000000
12799 2 3 00000 00000067
12801 0 1 00000 00000000
12865 4 3 00000 00000067
12867 1 1 00000 00000000
12931 4 3 00000 00000067
12933 3 2 00000 00000000
12997 4 3 00000 00000067
12999 0 1 00000 00000000
13000 3 3 00000 00000068
13010 0 2 00000 00000000
13074 4 3 00000 00000068
13076 1 1 00000 00000000
13077 0 3 00000 00000069
13087 1 2 00000 00000000
13151 4 3 00000 00000069
13153 2 1 00000 00000000
13154 1 3 00000 0000006A
13156 0 1 00000 00000000
13220 4 3 00000 0000006A
13222 2 2 00000 00000000
13286 4 3 00000 0000006A
13288 3 1 00000 00000000
13289 2 3 00000 0000006B
13291 0 1 00000 00000000
13355 4 3 00000 0000006B
13357 1 1 00000 00000000
13421 4 3 00000 0000006B
13423 3 2 00000 00000000
13487 4 3 00000 0000006B
13489 0 1 00000 00000000
13490 3 3 00000 0000006C
13500 0 2 00000 00000000
13564 4 3 00000 0000006C
13566 1 1 00000 00000000
13567 0 3 00000 0000006D
13577 1 2 00000 00000000
13641 4 3 00000 0000006D
13643 2 1 00000 00000000
13644 1 3 00000 0000006E
13646 0 1 00000 00000000
13710 4 3 00000 0000006E
13712 2 2 00000 00000000
13776 4 3 00000 0000006E
13778 3 1 00000 00000000
13779 2 3 00000 0000006F
13781 0 1 00000 00000000
13845 4 3 00000 0000006F
13847 1 1 00000 00000000
13911 4 3 00000 0000006F
13913 3 2 00000 00000000
13977 4 3 00000 0000006F
13979 0 1 00000 00000000
13980 3 3 00000 00000070
13990 0 2 00000 00000000
14054 4 3 00000 00000070
14056 1 1 00000 00000000
14057 0 3 00000 00000071
14067 1 2 00000 00000000
14131 4 3 00000 00000071
14133 2 1 00000 00000000
14134 1 3 00000 00000072
14136 0 1 00000 00000000
14200 4 3 00000 00000072
14202 2 2 00000 00000000
14266 4 3 00000 00000072
14268 3 1 00000 00000000
14269 2 3 00000 00000073
14271 0 1 00000 00000000
14335 4 3 00000 00000073
14337 1 1 00000 00000000
14401 4 3 00000 00000073
14403 3 2 00000 00000000
14467 4 3 00000 00000073
14469 0 1 00000 00000000
14470 3 3 00000 00000074
14480 0 2 00000 00000000
14544 4 3 00000 00000074
14546 1 1 00000 00000000
14547 0 3 00000 00000075
14557 1 2 00000 00000000
14621 4 3 00000 00000075
14623 2 1 00000 00000000
14624 1 3 00000 00000076
14626 0 1 00000 00000000
14690 4 3 00000 00000076
14692 2 2 00000 00000000
14756 4 3 00000 00000076
14758 3 1 00000 00000000
14759 2 3 00000 00000077
14761 0 1 00000 00000000
14825 4 3 00000 00000077
14827 1 1 00000 00000000
14891 4 3 00000 00000077
14893 3 2 00000 00000000
14957 4 3 00000 00000077
14959 0 1 00000 00000000
14960 3 3 00000 00000078
14970 0 2 00000 00000000
15034 4 3 00000 00000078
15036 1 1 00000 00000000
15037 0 3 00000 00000079
15047 1 2 00000 00000000
15111 4 3 00000 00000079
15113 2 1 00000 00000000
15114 1 3 00000 0000007A
15116 0 1 00000 00000000
15180 4 3 00000 0000007A
15182 2 2 00000 00000000
15246 4 3 00000 0000007A
15248 3 1 00000 00000000
15249 2 3 00000 0000007B
15251 0 1 00000 00000000
15315 4 3 00000 0000007B
15317 1 1 00000 00000000
15381 4 3 00000 0000007B
15383 3 2 00000 00000000
15447 4 3 00000 0000007B
15449 0 1 00000 00000000
15450 3 3 00000 0000007C
15460 0 2 00000 00000000
15524 4 3 00000 0000007C
15526 1 1 00000 00000000
15527 0 3 00000 0000007D
15537 1 2 00000 00000000
15601 4 3 00000 0000007D
15603 2 1 00000 00000000
15604 1 3 00000 0000007E
15606 0 1 00000 00000000
15670 4 3 00000 0000007E
15672 2 2 00000 00000000
15736 4 3 00000 0000007E
15738 3 1 00000 00000000
15739 2 3 00000 0000007F
15741 0 1 00000 00000000
15805 4 3 00000 0000007F
15807 1 1 00000 00000000
15871 4 3 00000 0000007F
15873 3 2 00000 00000000
15937 4 3 00000 0000007F
15939 0 1 00000 00000000
15940 3 3 00000 00000080
15950 0 2 00000 00000000
16014 4 3 00000 00000080
16016 1 1 00000 00000000
16017 0 3 00000 00000081
16027 1 2 00000 00000000
16091 4 3 00000 00000081
16093 2 1 00000 00000000
16094 1 3 00000 00000082
16096 0 1 00000 00000000
16160 4 3 00000 00000082
16162 2 2 00000 00000000
16226 4 3 00000 00000082
16228 3 1 00000 00000000
16229 2 3 00000 00000083
16231 0 1 00000 00000000
16295 4 3 00000 00000083
16297 1 1 00000 00000000
16361 4 3 00000 00000083
16363 3 2 00000 00000000
16427 4 3 00000 00000083
16429 0 1 00000 00000000
16430 3 3 00000 00000084
16440 0 2 00000 00000000
16504 4 3 00000 00000084
16506 1 1 00000 00000000
16507 0 3 00000 00000085
16517 1 2 00000 00000000
16581 4 3 00000 00000085
16583 2 1 00000 00000000
16584 1 3 00000 00000086
16586 0 1 00000 00000000
16650 4 3 00000 00000086
16652 2 2 00000 00000000
16716 4 3 00000 00000086
16718 3 1 00000 00000000
16719 2 3 00000 00000087
16721 0 1 00000 00000000
16785 4 3 00000 00000087
16787 1 1 00000 00000000
16851 4 3 00000 00000087
16853 3 2 00000 00000000
16917 4 3 00000 00000087
16919 0 1 00000 00000000
16920 3 3 00000 00000088
16930 0 2 00000 00000000
16994 4 3 00000 00000088
16996 1 1 00000 00000000
16997 0 3 00000 00000089
17007 1 2 00000 00000000
17071 4 3 00000 00000089
17073 2 1 00000 00000000
17074 1 3 00000 0000008A
17076 0 1 00000 00000000
17140 4 3 00000 0000008A
17142 2 2 00000 00000000
17206 4 3 00000 0000008A
17208 3 1 00000 00000000
17209 2 3 00000 0000008B
17211 0 1 00000 00000000
17275 4 3 00000 0000008B
17277 1 1 00000 00000000
17341 4 3 00000 0000008B
17343 3 2 00000 00000000
17407 4 3 00000 0000008B
17409 0 1 00000 00000000
17410 3 3 00000 0000008C
17420 0 2 00000 00000000
17484 4 3 00000 0000008C
17486 1 1 00000 00000000
17487 0 3 00000 0000008D
17497 1 2 00000 00000000
17561 4 3 00000 0000008D
17563 2 1 00000 00000000
17564 1 3 00000 0000008E
17566 0 1 00000 00000000
17630 4 3 00000 0000008E
17632 2 2 00000 00000000
17696 4 3 00000 0000008E
17698 3 1 00000 00000000
17699 2 3 00000 0000008F
17701 0 1 00000 00000000
17765 4 3 00000 0000008F
17767 1 1 00000 00000000
17831 4 3 00000 0000008F
17833 3 2 00000 00000000
17897 4 3 00000 0000008F
17899 0 1 00000 00000000
17900 3 3 00000 00000090
17910 0 2 00000 00000000
17974 4 3 00000 00000090
17976 1 1 00000 00000000
17977 0 3 00000 00000091
17987 1 2 00000 00000000
18051 4 3 00000 00000091
18053 2 1 00000 00000000
18054 1 3 00000 00000092
18056 0 1 00000 00000000
18120 4 3 00000 00000092
18122 2 2 00000 00000000
18186 4 3 00000 00000092
18188 3 1 00000 00000000
18189 2 3 00000 00000093
18191 0 1 00000 00000000
18255 4 3 00000 00000093
18257 1 1 00000 00000000
18321 4 3 00000 00000093
18323 3 2 00000 00000000
18387 4 3 00000 00000093
18389 0 1 00000 00000000
18390 3 3 00000 00000094
18400 0 2 00000 00000000
18464 4 3 00000 00000094
18466 1 1 00000 00000000
18467 0 3 00000 00000095
18477 1 2 00000 00000000
18541 4 3 00000 00000095
18543 2 1 00000 00000000
18544 1 3 00000 00000096
18546 0 1 00000 00000000
18610 4 3 00000 00000096
18612 2 2 00000 00000000
18676 4 3 00000 00000096
18678 3 1 00000 00000000
18679 2 3 00000 00000097
18681 0 1 00000 00000000
18745 4 3 00000 00000097
18747 1 1 00000 00000000
18811 4 3 00000 00000097
18813 3 2 00000 00000000
18877 4 3 00000 00000097
18879 0 1 00000 00000000
18880 3 3 00000 00000098
18890 0 2 00000 00000000
18954 4 3 00000 00000098
18956 1 1 00000 00000000
18957 0 3 00000 00000099
18967 1 2 00000 00000000
19031 4 3 00000 00000099
19033 2 1 00000 00000000
19034 1 3 00000 0000009A
19036 0 1 00000 00000000
19100 4 3 00000 0000009A
19102 2 2 00000 00000000
19166 4 3 00000 0000009A
19168 3 1 00000 00000000
19169 2 3 00000 0000009B
19171 0 1 00000 00000000
19235 4 3 00000 0000009B
19237 1 1 00000 00000000
19301 4 3 00000 0000009B
19303 3 2 00000 00000000
19367 4 3 00000 0000009B
19369 0 1 00000 00000000
19370 3 3 00000 0000009C
19380 0 2 00000 00000000
19444 4 3 00000 0000009C
19446 1 1 00000 00000000
19447 0 3 00000 0000009D
19457 1 2 00000 00000000
19521 4 3 00000 0000009D
19523 2 1 00000 00000000
19524 1 3 00000 0000009E
19526 0 1 00000 00000000
19590 4 3 00000 0000009E
19592 2 2 00000 00000000
19656 4 3 00000 0000009E
19658 3 1 00000 00000000
19659 2 3 00000 0000009F
19661 0 1 00000 00000000
19725 4 3 00000 0000009F
19727 1 1 00000 00000000
19791 4 3 00000 0000009F
19793 3 2 00000 00000000
19857 4 3 00000 0000009F
19859 0 1 00000 00000000
19860 3 3 00000 000000A0
19870 0 2 00000 00000000
19934 4 3 00000 000000A0
19936 1 1 00000 00000000
19937 0 3 00000 000000A1
19947 1 2 00000 00000000
20011 4 3 00000 000000A1
20013 2 1 00000 00000000
20014 1 3 00000 000000A2
20016 0 1 00000 00000000
20080 4 3 00000 000000A2
20082 2 2 00000 00000000
20146 4 3 00000 000000A2
20148 3 1 00000 00000000
20149 2 3 00000 000000A3
20151 0 1 00000 00000000
20215 4 3 00000 000000A3
20217 1 1 00000 00000000
20281 4 3 00000 000000A3
20283 3 2 00000 00000000
20347 4 3 00000 000000A3
20349 0 1 00000 00000000
20350 3 3 00000 000000A4
20360 0 2 00000 00000000
20424 4 3 00000 000000A4
20426 1 1 00000 00000000
20427 0 3 00000 000000A5
20437 1 2 00000 00000000
20501 4 3 00000 000000A5
20503 2 1 00000 00000000
20504 1 3 00000 000000A6
20506 0 1 00000 00000000
20570 4 3 00000 000000A6
20572 2 2 00000 00000000
20636 4 3 00000 000000A6
20638 3 1 00000 00000000
20639 2 3 00000 000000A7
20641 0 1 00000 00000000
20705 4 3 00000 000000A7
20707 1 1 00000 00000000
20771 4 3 00000 000000A7
20773 3 2 00000 00000000
20837 4 3 00000 000000A7
20839 0 1 00000 00000000
20840 3 3 00000 000000A8
20850 0 2 00000 00000000
20914 4 3 00000 000000A8
20916 1 1 00000 00000000
20917 0 3 00000 000000A9
20927 1 2 00000 00000000
20991 4 3 00000 000000A9
20993 2 1 00000 00000000
20994 1 3 00000 000000AA
20996 0 1 00000 00000000
21060 4 3 00000 000000AA
21062 2 2 00000 00000000
21126 4 3 00000 000000AA
21128 3 1 00000 00000000
21129 2 3 00000 000000AB
21131 0 1 00000 00000000
21195 4 3 00000 000000AB
21197 1 1 00000 00000000
21261 4 3 00000 000000AB
21263 3 2 00000 00000000
21327 4 3 00000 000000AB
21329 0 1 00000 00000000
21330 3 3 00000 000000AC
21340 0 2 00000 00000000
21404 4 3 00000 000000AC
21406 1 1 00000 00000000
21407 0 3 00000 000000AD
21417 1 2 00000 00000000
21481 4 3 00000 000000AD
21483 2 1 00000 00000000
21484 1 3 00000 000000AE
21486 0 1 00000 00000000
21550 4 3 00000 000000AE
21552 2 2 00000 00000000
21616 4 3 00000 000000AE
21618 3 1 00000 00000000
21619 2 3 00000 000000AF
21621 0 1 00000 00000000
21685 4 3 00000 000000AF
21687 1 1 00000 00000000
21751 4 3 00000 000000AF
21753 3 2 00000 00000000
21817 4 3 00000 000000AF
21819 0 1 00000 00000000
21820 3 3 00000 000000B0
21830 0 2 00000 00000000
21894 4 3 00000 000000B0
21896 1 1 00000 00000000
21897 0 3 00000 000000B1
21907 1 2 00000 00000000
21971 4 3 00000 000000B1
21973 2 1 00000 00000000
21974 1 3 00000 000000B2
21976 0 1 00000 00000000
22040 4 3 00000 000000B2
22042 2 2 00000 00000000
22106 4 3 00000 000000B2
22108 3 1 00000 00000000
22109 2 3 00000 000000B3
22111 0 1 00000 00000000
22175 4 3 00000 000000B3
22177 1 1 00000 00000000
22241 4 3 00000 000000B3
22243 3 2 00000 00000000
22307 4 3 00000 000000B3
22309 0 1 00000 00000000
22310 3 3 00000 000000B4
22320 0 2 00000 00000000
22384 4 3 00000 000000B4
22386 1 1 00000 00000000
22387 0 3 00000 000000B5
22397 1 2 00000 00000000
22461 4 3 00000 000000B5
22463 2 1 00000 00000000
22464 1 3 00000 000000B6
22466 0 1 00000 00000000
22530 4 3 00000 000000B6
22532 2 2 00000 00000000
22596 4 3 00000 000000B6
22598 3 1 00000 00000000
22599 2 3 00000 000000B7
22601 0 1 00000 00000000
22665 4 3 00000 000000B7
22667 1 1 00000 00000000
22731 4 3 00000 000000B7
22733 3 2 00000 00000000
22797 4 3 00000 000000B7
22799 0 1 00000 00000000
22800 3 3 00000 000000B8
22810 0 2 00000 00000000
22874 4 3 00000 000000B8
22876 1 1 00000 00000000
22877 0 3 00000 000000B9
22887 1 2 00000 00000000
22951 4 3 00000 000000B9
22953 2 1 00000 00000000
22954 1 3 00000 000000BA
22956 0 1 00000 00000000
23020 4 3 00000 000000BA
23022 2 2 00000 00000000
23086 4 3 00000 000000BA
23088 3 1 00000 00000000
23089 2 3 00000 000000BB
23091 0 1 00000 00000000
23155 4 3 00000 000000BB
23157 1 1 00000 00000000
23221 4 3 00000 000000BB
23223 3 2 00000 00000000
23287 4 3 00000 000000BB
23289 0 1 00000 00000000
23290 3 3 00000 000000BC
23300 0 2 00000 00000000
23364 4 3 00000 000000BC
23366 1 1 00000 00000000
23367 0 3 00000 000000BD
23377 1 2 00000 00000000
23441 4 3 00000 000000BD
23443 2 1 00000 00000000
23444 1 3 00000 000000BE
23446 0 1 00000 00000000
23510 4 3 00000 000000BE
23512 2 2 00000 00000000
23576 4 3 00000 000000BE
23578 3 1 00000 00000000
23579 2 3 00000 000000BF
23581 0 1 00000 00000000
23645 4 3 00000 000000BF
23647 1 1 00000 00000000
23711 4 3 00000 000000BF
23713 3 2 00000 00000000
23777 4 3 00000 000000BF
23779 0 1 00000 00000000
23780 3 3 00000 000000C0
23790 0 2 00000 00000000
23854 4 3 00000 000000C0
23856 1 1 00000 00000000
23857 0 3 00000 000000C1
23867 1 2 00000 00000000
23931 4 3 00000 000000C1
23933 2 1 00000 00000000
23934 1 3 00000 000000C2
23936 0 1 00000 00000000
24000 4 3 00000 000000C2
24002 2 2 00000 00000000
24066 4 3 00000 000000C2
24068 3 1 00000 00000000
24069 2 3 00000 000000C3
24071 0 1 00000 00000000
24135 4 3 00000 000000C3
24137 1 1 00000 00000000
24201 4 3 00000 000000C3
24203 3 2 00000 00000000
24267 4 3 00000 000000C3
24269 0 1 00000 00000000
24270 3 3 00000 000000C4
24280 0 2 00000 00000000
24344 4 3 00000 000000C4
24346 1 1 00000 00000000
24347 0 3 00000 000000C5
24357 1 2 00000 00000000
24421 4 3 00000 000000C5
24423 2 1 00000 00000000
24424 1 3 00000 000000C6
24426 0 1 00000 00000000
24490 4 3 00000 000000C6
24492 2 2 00000 00000000
24556 4 3 00000 000000C6
24558 3 1 00000 00000000
24559 2 3 00000 000000C7
24561 0 1 00000 00000000
24625 4 3 00000 000000C7
24627 1 1 00000 00000000
24691 4 3 00000 000000C7
24693 3 2 00000 00000000
24757 4 3 00000 000000C7
24759 0 1 00000 00000000
24760 3 3 00000 000000C8
24770 0 2 00000 00000000
24834 4 3 00000 000000C8
24836 1 1 00000 00000000
24837 0 3 00000 000000C9
24847 1 2 00000 00000000
24911 4 3 00000 000000C9
24913 2 1 00000 00000000
24914 1 3 00000 000000CA
24916 0 1 00000 00000000
24980 4 3 00000 000000CA
24982 2 2 00000 00000000
25046 4 3 00000 000000CA
25048 3 1 00000 00000000
25049 2 3 00000 000000CB
25051 0 1 00000 00000000
25115 4 3 00000 000000CB
25117 1 1 00000 00000000
25181 4 3 00000 000000CB
25183 3 2 00000 00000000
25247 4 3 00000 000000CB
25249 0 1 00000 00000000
25250 3 3 00000 000000CC
25260 0 2 00000 00000000
25324 4 3 00000 000000CC
25326 1 1 00000 00000000
25327 0 3 00000 000000CD
25337 1 2 00000 00000000
25401 4 3 00000 000000CD
25403 2 1 00000 00000000
25404 1 3 00000 000000CE
25406 0 1 00000 00000000
25470 4 3 00000 000000CE
25472 2 2 00000 00000000
25536 4 3 00000 000000CE
25538 3 1 00000 00000000
25539 2 3 00000 000000CF
25541 0 1 00000 00000000
25605 4 3 00000 000000CF
25607 1 1 00000 00000000
25671 4 3 00000 000000CF
25673 3 2 00000 00000000
25737 4 3 00000 000000CF
25739 0 1 00000 00000000
25740 3 3 00000 000000D0
25750 0 2 00000 00000000
25814 4 3 00000 000000D0
25816 1 1 00000 00000000
25817 0 3 00000 000000D1
25827 1 2 00000 00000000
25891 4 3 00000 000000D1
25893 2 1 00000 00000000
25894 1 3 00000 000000D2
25896 0 1 00000 00000000
25960 4 3 00000 000000D2
25962 2 2 00000 00000000
26026 4 3 00000 000000D2
26028 3 1 00000 00000000
26029 2 3 00000 000000D3
26031 0 1 00000 00000000
26095 4 3 00000 000000D3
26097 1 1 00000 00000000
26161 4 3 00000 000000D3
26163 3 2 00000 00000000
26227 4 3 00000 000000D3
26229 0 1 00000 00000000
26230 3 3 00000 000000D4
26240 0 2 00000 00000000
26304 4 3 00000 000000D4
26306 1 1 00000 00000000
26307 0 3 00000 000000D5
26317 1 2 00000 00000000
26381 4 3 00000 000000D5
26383 2 1 00000 00000000
26384 1 3 00000 000000D6
26386 0 1 00000 00000000
26450 4 3 00000 000000D6
26452 2 2 00000 00000000
26516 4 3 00000 000000D6
26518 3 1 00000 00000000
26519 2 3 00000 000000D7
26521 0 1 00000 00000000
26585 4 3 00000 000000D7
26587 1 1 00000 00000000
26651 4 3 00000 000000D7
26653 3 2 00000 00000000
26717 4 3 00000 000000D7
26719 0 1 00000 00000000
26720 3 3 00000 000000D8
26730 0 2 00000 00000000
26794 4 3 00000 000000D8
26796 1 1 00000 00000000
26797 0 3 00000 000000D9
26807 1 2 00000 00000000
26871 4 3 00000 000000D9
26873 2 1 00000 00000000
26874 1 3 00000 000000DA
26876 0 1 00000 00000000
26940 4 3 00000 000000DA
26942 2 2 00000 00000000
27006 4 3 00000 000000DA
27008 3 1 00000 00000000
27009 2 3 00000 000000DB
27011 0 1 00000 00000000
27075 4 3 00000 000000DB
27077 1 1 00000 00000000
27141 4 3 00000 000000DB
27143 3 2 00000 00000000
27207 4 3 00000 000000DB
27209 0 1 00000 00000000
27210 3 3 00000 000000DC
27220 0 2 00000 00000000
27284 4 3 00000 000000DC
27286 1 1 00000 00000000
27287 0 3 00000 000000DD
27297 1 2 00000 00000000
27361 4 3 00000 000000DD
27363 2 1 00000 00000000
27364 1 3 00000 000000DE
27366 0 1 00000 00000000
27430 4 3 00000 000000DE
27432 2 2 00000 00000000
27496 4 3 00000 000000DE
27498 3 1 00000 00000000
27499 2 3 00000 000000DF
27501 0 1 00000 00000000
27565 4 3 00000 000000DF
27567 1 1 00000 00000000
27631 4 3 00000 000000DF
27633 3 2 00000 00000000
27697 4 3 00000 000000DF
27699 0 1 00000 00000000
27700 3 3 00000 000000E0
27710 0 2 00000 00000000
27774 4 3 00000 000000E0
27776 1 1 00000 00000000
27777 0 3 00000 000000E1
27787 1 2 00000 00000000
27851 4 3 00000 000000E1
27853 2 1 00000 00000000
27854 1 3 00000 000000E2
27856 0 1 00000 00000000
27920 4 3 00000 000000E2
27922 2 2 00000 00000000
27986 4 3 00000 000000E2
27988 3 1 00000 00000000
27989 2 3 00000 000000E3
27991 0 1 00000 00000000
28055 4 3 00000 000000E3
28057 1 1 00000 00000000
28121 4 3 00000 000000E3
28123 3 2 00000 00000000
28187 4 3 00000 000000E3
28189 0 1 00000 00000000
28190 3 3 00000 000000E4
28200 0 2 00000 00000000
28264 4 3 00000 000000E4
28266 1 1 00000 00000000
28267 0 3 00000 000000E5
28277 1 2 00000 00000000
28341 4 3 00000 000000E5
28343 2 1 00000 00000000
28344 1 3 00000 000000E6
28346 0 1 00000 00000000
28410 4 3 00000 000000E6
28412 2 2 00000 00000000
28476 4 3 00000 000000E6
28478 3 1 00000 00000000
28479 2 3 00000 000000E7
28481 0 1 00000 00000000
28545 4 3 00000 000000E7
28547 1 1 00000 00000000
28611 4 3 00000 000000E7
28613 3 2 00000 00000000
28677 4 3 00000 000000E7
28679 0 1 00000 00000000
28680 3 3 00000 000000E8
28690 0 2 00000 00000000
28754 4 3 00000 000000E8
28756 1 1 00000 00000000
28757 0 3 00000 000000E9
28767 1 2 00000 00000000
28831 4 3 00000 000000E9
28833 2 1 00000 00000000
28834 1 3 00000 000000EA
28836 0 1 00000 00000000
28900 4 3 00000 000000EA
28902 2 2 00000 00000000
28966 4 3 00000 000000EA
28968 3 1 00000 00000000
28969 2 3 00000 000000EB
28971 0 1 00000 00000000
29035 4 3 00000 000000EB
29037 1 1 00000 00000000
29101 4 3 00000 000000EB
29103 3 2 00000 00000000
29167 4 3 00000 000000EB
29169 0 1 00000 00000000
29170 3 3 00000 000000EC
29180 0 2 00000 00000000
29244 4 3 00000 000000EC
29246 1 1 00000 00000000
29247 0 3 00000 000000ED
29257 1 2 00000 00000000
29321 4 3 00000 000000ED
29323 2 1 00000 00000000
29324 1 3 00000 000000EE
29326 0 1 00000 00000000
29390 4 3 00000 000000EE
29392 2 2 00000 00000000
29456 4 3 00000 000000EE
29458 3 1 00000 00000000
29459 2 3 00000 000000EF
29461 0 1 00000 00000000
29525 4 3 00000 000000EF
29527 1 1 00000 00000000
29591 4 3 00000 000000EF
29593 3 2 00000 00000000
29657 4 3 00000 000000EF
29659 0 1 00000 00000000
29660 3 3 00000 000000F0
29670 0 2 00000 00000000
29734 4 3 00000 000000F0
29736 1 1 00000 00000000
29737 0 3 00000 000000F1
29747 1 2 00000 00000000
29811 4 3 00000 000000F1
29813 2 1 00000 00000000
29814 1 3 00000 000000F2
29816 0 1 00000 00000000
29880 4 3 00000 000000F2
29882 2 2 00000 00000000
29946 4 3 00000 000000F2
29948 3 1 00000 00000000
29949 2 3 00000 000000F3
29951 0 1 00000 00000000
30015 4 3 00000 000000F3
30017 1 1 00000 00000000
30081 4 3 00000 000000F3
30083 3 2 00000 00000000
30147 4 3 00000 000000F3
30149 0 1 00000 00000000
30150 3 3 00000 000000F4
30160 0 2 00000 00000000
30224 4 3 00000 000000F4
30226 1 1 00000 00000000
30227 0 3 00000 000000F5
30237 1 2 00000 00000000
30301 4 3 00000 000000F5
30303 2 1 00000 00000000
30304 1 3 00000 000000F6
30306 0 1 00000 00000000
30370 4 3 00000 000000F6
30372 2 2 00000 00000000
30436 4 3 00000 000000F6
30438 3 1 00000 00000000
30439 2 3 00000 000000F7
30441 0 1 00000 00000000
30505 4 3 00000 000000F7
30507 1 1 00000 00000000
30571 4 3 00000 000000F7
30573 3 2 00000 00000000
30637 4 3 00000 000000F7
30639 0 1 00000 00000000
30640 3 3 00000 000000F8
30650 0 2 00000 00000000
30714 4 3 00000 000000F8
30716 1 1 00000 00000000
30717 0 3 00000 000000F9
30727 1 2 00000 00000000
30791 4 3 00000 000000F9
30793 2 1 00000 00000000
30794 1 3 00000 000000FA
30796 0 1 00000 00000000
30860 4 3 00000 000000FA
30862 2 2 00000 00000000
30926 4 3 00000 000000FA
30928 3 1 00000 00000000
30929 2 3 00000 000000FB
30931 0 1 00000 00000000
30995 4 3 00000 000000FB
30997 1 1 00000 00000000
31061 4 3 00000 000000FB
31063 3 2 00000 00000000
31127 4 3 00000 000000FB
31129 0 1 00000 00000000
31130 3 3 00000 000000FC
31140 0 2 00000 00000000
31204 4 3 00000 000000FC
31206 1 1 00000 00000000
31207 0 3 00000 000000FD
31217 1 2 00000 00000000
31281 4 3 00000 000000FD
31283 2 1 00000 00000000
31284 1 3 00000 000000FE
31286 0 1 00000 00000000
31350 4 3 00000 000000FE
31352 2 2 00000 00000000
31416 4 3 00000 000000FE
31418 3 1 00000 00000000
31419 2 3 00000 000000FF
31421 0 1 00000 00000000
31485 4 3 00000 000000FF
31487 1 1 00000 00000000
31551 4 3 00000 000000FF
31553 3 2 00000 00000000
31617 4 3 00000 000000FF
31619 0 1 00000 00000000
31620 3 3 00000 00000100
31630 0 2 00000 00000000
31694 4 3 00000 00000100
31696 1 1 00000 00000000
31697 0 3 00000 00000101
31707 1 2 00000 00000000
31771 4 3 00000 00000101
31773 2 1 00000 00000000
31774 1 3 00000 00000102
31776 0 1 00000 00000000
31840 4 3 00000 00000102
31842 2 2 00000 00000000
31906 4 3 00000 00000102
31908 3 1 00000 00000000
31909 2 3 00000 00000103
31911 0 1 00000 00000000
31975 4 3 00000 00000103
31977 1 1 00000 00000000
32041 4 3 00000 00000103
32043 3 2 00000 00000000
32107 4 3 00000 00000103
32109 0 1 00000 00000000
32110 3 3 00000 00000104
32120 0 2 00000 00000000
32184 4 3 00000 00000104
32186 1 1 00000 00000000
32187 0 3 00000 00000105
32197 1 2 00000 00000000
32261 4 3 00000 00000105
32263 2 1 00000 00000000
32264 1 3 00000 00000106
32266 0 1 00000 00000000
32330 4 3 00000 00000106
32332 2 2 00000 00000000
32396 4 3 00000 00000106
32398 3 1 00000 00000000
32399 2 3 00000 00000107
32401 0 1 00000 00000000
32465 4 3 00000 00000107
32467 1 1 00000 00000000
32531 4 3 00000 00000107
32533 3 2 00000 00000000
32597 4 3 00000 00000107
32599 0 1 00000 00000000
32600 3 3 00000 00000108
32610 0 2 00000 00000000
32674 4 3 00000 00000108
32676 1 1 00000 00000000
32677 0 3 00000 00000109
32687 1 2 00000 00000000
32751 4 3 00000 00000109
32753 2 1 00000 00000000
32754 1 3 00000 0000010A
32756 0 1 00000 00000000
32820 4 3 00000 0000010A
32822 2 2 00000 00000000
32886 4 3 00000 0000010A
32888 3 1 00000 00000000
32889 2 3 00000 0000010B
32891 0 1 00000 00000000
32955 4 3 00000 0000010B
32957 1 1 00000 00000000
33021 4 3 00000 0000010B
33023 3 2 00000 00000000
33087 4 3 00000 0000010B
33089 0 1 00000 00000000
33090 3 3 00000 0000010C
33100 0 2 00000 00000000
33164 4 3 00000 0000010C
33166 1 1 00000 00000000
33167 0 3 00000 0000010D
33177 1 2 00000 00000000
33241 4 3 00000 0000010D
33243 2 1 00000 00000000
33244 1 3 00000 0000010E
33246 0 1 00000 00000000
33310 4 3 00000 0000010E
33312 2 2 00000 00000000
33376 4 3 00000 0000010E
33378 3 1 00000 00000000
33379 2 3 00000 0000010F
33381 0 1 00000 00000000
33445 4 3 00000 0000010F
33447 1 1 00000 00000000
33511 4 3 00000 0000010F
33513 3 2 00000 00000000
33577 4 3 00000 0000010F
33579 0 1 00000 00000000
33580 3 3 00000 00000110
33590 0 2 00000 00000000
33654 4 3 00000 00000110
33656 1 1 00000 00000000
33657 0 3 00000 00000111
33667 1 2 00000 00000000
33731 4 3 00000 00000111
33733 2 1 00000 00000000
33734 1 3 00000 00000112
33736 0 1 00000 00000000
33800 4 3 00000 00000112
33802 2 2 00000 00000000
33866 4 3 00000 00000112
33868 3 1 00000 00000000
33869 2 3 00000 00000113
33871 0 1 00000 00000000
33935 4 3 00000 00000113
33937 1 1 00000 00000000
34001 4 3 00000 00000113
34003 3 2 00000 00000000
34067 4 3 00000 00000113
34069 0 1 00000 00000000
34070 3 3 00000 00000114
34080 0 2 00000 00000000
34144 4 3 00000 00000114
34146 1 1 00000 00000000
34147 0 3 00000 00000115
34157 1 2 00000 00000000
34221 4 3 00000 00000115
34223 2 1 00000 00000000
34224 1 3 00000 00000116
34226 0 1 00000 00000000
34290 4 3 00000 00000116
34292 2 2 00000 00000000
34356 4 3 00000 00000116
34358 3 1 00000 00000000
34359 2 3 00000 00000117
34361 0 1 00000 00000000
34425 4 3 00000 00000117
34427 1 1 00000 00000000
34491 4 3 00000 00000117
34493 3 2 00000 00000000
34557 4 3 00000 00000117
34559 0 1 00000 00000000
34560 3 3 00000 00000118
34570 0 2 00000 00000000
34634 4 3 00000 00000118
34636 1 1 00000 00000000
34637 0 3 00000 00000119
34647 1 2 00000 00000000
34711 4 3 00000 00000119
34713 2 1 00000 00000000
34714 1 3 00000 0000011A
34716 0 1 00000 00000000
34780 4 3 00000 0000011A
34782 2 2 00000 00000000
34846 4 3 00000 0000011A
34848 3 1 00000 00000000
34849 2 3 00000 0000011B
34851 0 1 00000 00000000
34915 4 3 00000 0000011B
34917 1 1 00000 00000000
34981 4 3 00000 0000011B
34983 3 2 00000 00000000
35047 4 3 00000 0000011B
35049 0 1 00000 00000000
35050 3 3 00000 0000011C
35060 0 2 00000 00000000
35124 4 3 00000 0000011C
35126 1 1 00000 00000000
35127 0 3 00000 0000011D
35137 1 2 00000 00000000
35201 4 3 00000 0000011D
35203 2 1 00000 00000000
35204 1 3 00000 0000011E
35206 0 1 00000 00000000
35270 4 3 00000 0000011E
35272 2 2 00000 00000000
35336 4 3 00000 0000011E
35338 3 1 00000 00000000
35339 2 3 00000 0000011F
35341 0 1 00000 00000000
35405 4 3 00000 0000011F
35407 1 1 00000 00000000
35471 4 3 00000 0000011F
35473 3 2 00000 00000000
35537 4 3 00000 0000011F
35539 0 1 00000 00000000
35540 3 3 00000 00000120
35550 0 2 00000 00000000
35614 4 3 00000 00000120
35616 1 1 00000 00000000
35617 0 3 00000 00000121
35627 1 2 00000 00000000
35691 4 3 00000 00000121
35693 2 1 00000 00000000
35694 1 3 00000 00000122
35696 0 1 00000 00000000
35760 4 3 00000 00000122
35762 2 2 00000 00000000
35826 4 3 00000 00000122
35828 3 1 00000 00000000
35829 2 3 00000 00000123
35831 0 1 00000 00000000
35895 4 3 00000 00000123
35897 1 1 00000 00000000
35961 4 3 00000 00000123
35963 3 2 00000 00000000
36027 4 3 00000 00000123
36029 0 1 00000 00000000
36030 3 3 00000 00000124
36040 0 2 00000 00000000
36104 4 3 00000 00000124
36106 1 1 00000 00000000
36107 0 3 00000 00000125
36117 1 2 00000 00000000
36181 4 3 00000 00000125
36183 2 1 00000 00000000
36184 1 3 00000 00000126
36186 0 1 00000 00000000
36250 4 3 00000 00000126
36252 2 2 00000 00000000
36316 4 3 00000 00000126
36318 3 1 00000 00000000
36319 2 3 00000 00000127
36321 0 1 00000 00000000
36385 4 3 00000 00000127
36387 1 1 00000 00000000
36451 4 3 00000 00000127
36453 3 2 00000 00000000
36517 4 3 00000 00000127
36519 0 1 00000 00000000
36520 3 3 00000 00000128
36530 0 2 00000 00000000
36594 4 3 00000 00000128
36596 1 1 00000 00000000
36597 0 3 00000 00000129
36607 1 2 00000 00000000
36671 4 3 00000 00000129
36673 2 1 00000 00000000
36674 1 3 00000 0000012A
36676 0 1 00000 00000000
36740 4 3 00000 0000012A
36742 2 2 00000 00000000
36806 4 3 00000 0000012A
36808 3 1 00000 00000000
36809 2 3 00000 0000012B
36811 0 1 00000 00000000
36875 4 3 00000 0000012B
36877 1 1 00000 00000000
36941 4 3 00000 0000012B
36943 3 2 00000 00000000
37007 4 3 00000 0000012B
37009 0 1 00000 00000000
37010 3 3 00000 0000012C
37020 0 2 00000 00000000
37084 4 3 00000 0000012C
37086 1 1 00000 00000000
37087 0 3 00000 0000012D
37097 1 2 00000 00000000
37161 4 3 00000 0000012D
37163 2 1 00000 00000000
37164 1 3 00000 0000012E
37166 0 1 00000 00000000
37230 4 3 00000 0000012E
37232 2 2 00000 00000000
37296 4 3 00000 0000012E
37298 3 1 00000 00000000
37299 2 3 00000 0000012F
37301 0 1 00000 00000000
37365 4 3 00000 0000012F
37367 1 1 00000 00000000
37431 4 3 00000 0000012F
37433 3 2 00000 00000000
37497 4 3 00000 0000012F
37499 0 1 00000 00000000
37500 3 3 00000 00000130
37510 0 2 00000 00000000
37574 4 3 00000 00000130
37576 1 1 00000 00000000
37577 0 3 00000 00000131
37587 1 2 00000 00000000
37651 4 3 00000 00000131
37653 2 1 00000 00000000
37654 1 3 00000 00000132
37656 0 1 00000 00000000
37720 4 3 00000 00000132
37722 2 2 00000 00000000
37786 4 3 00000 00000132
37788 3 1 00000 00000000
37789 2 3 00000 00000133
37791 0 1 00000 00000000
37855 4 3 00000 00000133
37857 1 1 00000 00000000
37921 4 3 00000 00000133
37923 3 2 00000 00000000
37987 4 3 00000 00000133
37989 0 1 00000 00000000
37990 3 3 00000 00000134
38000 0 2 00000 00000000
38064 4 3 00000 00000134
38066 1 1 00000 00000000
38067 0 3 00000 00000135
38077 1 2 00000 00000000
38141 4 3 00000 00000135
38143 2 1 00000 00000000
38144 1 3 00000 00000136
38146 0 1 00000 00000000
38210 4 3 00000 00000136
38212 2 2 00000 00000000
38276 4 3 00000 00000136
38278 3 1 00000 00000000
38279 2 3 00000 00000137
38281 0 1 00000 00000000
38345 4 3 00000 00000137
38347 1 1 00000 00000000
38411 4 3 00000 00000137
38413 3 2 00000 00000000
38477 4 3 00000 00000137
38479 0 1 00000 00000000
38480 3 3 00000 00000138
38490 0 2 00000 00000000
38554 4 3 00000 00000138
38556 1 1 00000 00000000
38557 0 3 00000 00000139
38567 1 2 00000 00000000
38631 4 3 00000 00000139
38633 2 1 00000 00000000
38634 1 3 00000 0000013A
38636 0 1 00000 00000000
38700 4 3 00000 0000013A
38702 2 2 00000 00000000
38766 4 3 00000 0000013A
38768 3 1 00000 00000000
38769 2 3 00000 0000013B
38771 0 1 00000 00000000
38835 4 3 00000 0000013B
38837 1 1 00000 00000000
38901 4 3 00000 0000013B
38903 3 2 00000 00000000
38967 4 3 00000 0000013B
38969 0 1 00000 00000000
38970 3 3 00000 0000013C
38980 0 2 00000 00000000
39044 4 3 00000 0000013C
39046 1 1 00000 00000000
39047 0 3 00000 0000013D
39057 1 2 00000 00000000
39121 4 3 00000 0000013D
39123 2 1 00000 00000000
39124 1 3 00000 0000013E
39126 0 1 00000 00000000
39190 4 3 00000 0000013E
39192 2 2 00000 00000000
39256 4 3 00000 0000013E
39258 3 1 00000 00000000
39259 2 3 00000 0000013F
39261 0 1 00000 00000000
39325 4 3 00000 0000013F
39327 1 1 00000 00000000
39391 4 3 00000 0000013F
39393 3 2 00000 00000000
39457 4 3 00000 0000013F
39459 0 1 00000 00000000
39460 3 3 00000 00000140
39470 0 2 00000 00000000
39534 4 3 00000 00000140
39536 1 1 00000 00000000
39537 0 3 00000 00000141
39547 1 2 00000 00000000
39611 4 3 00000 00000141
39613 2 1 00000 00000000
39614 1 3 00000 00000142
39616 0 1 00000 00000000
39680 4 3 00000 00000142
39682 2 2 00000 00000000
39746 4 3 00000 00000142
39748 3 1 00000 00000000
39749 2 3 00000 00000143
39751 0 1 00000 00000000
39815 4 3 00000 00000143
39817 1 1 00000 00000000
39881 4 3 00000 00000143
39883 3 2 00000 00000000
39947 4 3 00000 00000143
39949 0 1 00000 00000000
39950 3 3 00000 00000144
39960 0 2 00000 00000000
40024 4 3 00000 00000144
40026 1 1 00000 00000000
40027 0 3 00000 00000145
40037 1 2 00000 00000000
40101 4 3 00000 00000145
40103 2 1 00000 00000000
40104 1 3 00000 00000146
40106 0 1 00000 00000000
40170 4 3 00000 00000146
40172 2 2 00000 00000000
40236 4 3 00000 00000146
40238 3 1 00000 00000000
40239 2 3 00000 00000147
40241 0 1 00000 00000000
40305 4 3 00000 00000147
40307 1 1 00000 00000000
40371 4 3 00000 00000147
40373 3 2 00000 00000000
40437 4 3 00000 00000147
40439 0 1 00000 00000000
40440 3 3 00000 00000148
40450 0 2 00000 00000000
40514 4 3 00000 00000148
40516 1 1 00000 00000000
40517 0 3 00000 00000149
40527 1 2 00000 00000000
40591 4 3 00000 00000149
40593 2 1 00000 00000000
40594 1 3 00000 0000014A
40596 0 1 00000 00000000
40660 4 3 00000 0000014A
40662 2 2 00000 00000000
40726 4 3 00000 0000014A
40728 3 1 00000 00000000
40729 2 3 00000 0000014B
40731 0 1 00000 00000000
40795 4 3 00000 0000014B
40797 1 1 00000 00000000
40861 4 3 00000 0000014B
40863 3 2 00000 00000000
40927 4 3 00000 0000014B
40929 0 1 00000 00000000
40930 3 3 00000 0000014C
40940 0 2 00000 00000000
41004 4 3 00000 0000014C
41006 1 1 00000 00000000
41007 0 3 00000 0000014D
41017 1 2 00000 00000000
41081 4 3 00000 0000014D
41083 2 1 00000 00000000
41084 1 3 00000 0000014E
41086 0 1 00000 00000000
41150 4 3 00000 0000014E
41152 2 2 00000 00000000
41216 4 3 00000 0000014E
41218 3 1 00000 00000000
41219 2 3 00000 0000014F
41221 0 1 00000 00000000
41285 4 3 00000 0000014F
41287 1 1 00000 00000000
41351 4 3 00000 0000014F
41353 3 2 00000 00000000
41417 4 3 00000 0000014F
41419 0 1 00000 00000000
41420 3 3 00000 00000150
41430 0 2 00000 00000000
41494 4 3 00000 00000150
41496 1 1 00000 00000000
41497 0 3 00000 00000151
41507 1 2 00000 00000000
41571 4 3 00000 00000151
41573 2 1 00000 00000000
41574 1 3 00000 00000152
41576 0 1 00000 00000000
41640 4 3 00000 00000152
41642 2 2 00000 00000000
41706 4 3 00000 00000152
41708 3 1 00000 00000000
41709 2 3 00000 00000153
41711 0 1 00000 00000000
41775 4 3 00000 00000153
41777 1 1 00000 00000000
41841 4 3 00000 00000153
41843 3 2 00000 00000000
41907 4 3 00000 00000153
41909 0 1 00000 00000000
41910 3 3 00000 00000154
41920 0 2 00000 00000000
41984 4 3 00000 00000154
41986 1 1 00000 00000000
41987 0 3 00000 00000155
41997 1 2 00000 00000000
42061 4 3 00000 00000155
42063 2 1 00000 00000000
42064 1 3 00000 00000156
42066 0 1 00000 00000000
42130 4 3 00000 00000156
42132 2 2 00000 00000000
42196 4 3 00000 00000156
42198 3 1 00000 00000000
42199 2 3 00000 00000157
42201 0 1 00000 00000000
42265 4 3 00000 00000157
42267 1 1 00000 00000000
42331 4 3 00000 00000157
42333 3 2 00000 00000000
42397 4 3 00000 00000157
42399 0 1 00000 00000000
42400 3 3 00000 00000158
42410 0 2 00000 00000000
42474 4 3 00000 00000158
42476 1 1 00000 00000000
42477 0 3 00000 00000159
42487 1 2 00000 00000000
42551 4 3 00000 00000159
42553 2 1 00000 00000000
42554 1 3 00000 0000015A
42556 0 1 00000 00000000
42620 4 3 00000 0000015A
42622 2 2 00000 00000000
42686 4 3 00000 0000015A
42688 3 1 00000 00000000
42689 2 3 00000 0000015B
42691 0 1 00000 00000000
42755 4 3 00000 0000015B
42757 1 1 00000 00000000
42821 4 3 00000 0000015B
42823 3 2 00000 00000000
42887 4 3 00000 0000015B
42889 0 1 00000 00000000
42890 3 3 00000 0000015C
42900 0 2 00000 00000000
42964 4 3 00000 0000015C
42966 1 1 00000 00000000
42967 0 3 00000 0000015D
42977 1 2 00000 00000000
43041 4 3 00000 0000015D
43043 2 1 00000 00000000
43044 1 3 00000 0000015E
43046 0 1 00000 00000000
43110 4 3 00000 0000015E
43112 2 2 00000 00000000
43176 4 3 00000 0000015E
43178 3 1 00000 00000000
43179 2 3 00000 0000015F
43181 0 1 00000 00000000
43245 4 3 00000 0000015F
43247 1 1 00000 00000000
43311 4 3 00000 0000015F
43313 3 2 00000 00000000
43377 4 3 00000 0000015F
43379 0 1 00000 00000000
43380 3 3 00000 00000160
43390 0 2 00000 00000000
43454 4 3 00000 00000160
43456 1 1 00000 00000000
43457 0 3 00000 00000161
43467 1 2 00000 00000000
43531 4 3 00000 00000161
43533 2 1 00000 00000000
43534 1 3 00000 00000162
43536 0 1 00000 00000000
43600 4 3 00000 00000162
43602 2 2 00000 00000000
43666 4 3 00000 00000162
43668 3 1 00000 00000000
43669 2 3 00000 00000163
43671 0 1 00000 00000000
43735 4 3 00000 00000163
43737 1 1 00000 00000000
43801 4 3 00000 00000163
43803 3 2 00000 00000000
43867 4 3 00000 00000163
43869 0 1 00000 00000000
43870 3 3 00000 00000164
43880 0 2 00000 00000000
43944 4 3 00000 00000164
43946 1 1 00000 00000000
43947 0 3 00000 00000165
43957 1 2 00000 00000000
44021 4 3 00000 00000165
44023 2 1 00000 00000000
44024 1 3 00000 00000166
44026 0 1 00000 00000000
44090 4 3 00000 00000166
44092 2 2 00000 00000000
44156 4 3 00000 00000166
44158 3 1 00000 00000000
44159 2 3 00000 00000167
44161 0 1 00000 00000000
44225 4 3 00000 00000167
44227 1 1 00000 00000000
44291 4 3 00000 00000167
44293 3 2 00000 00000000
44357 4 3 00000 00000167
44359 0 1 00000 00000000
44360 3 3 00000 00000168
44370 0 2 00000 00000000
44434 4 3 00000 00000168
44436 1 1 00000 00000000
44437 0 3 00000 00000169
44447 1 2 00000 00000000
44511 4 3 00000 00000169
44513 2 1 00000 00000000
44514 1 3 00000 0000016A
44516 0 1 00000 00000000
44580 4 3 00000 0000016A
44582 2 2 00000 00000000
44646 4 3 00000 0000016A
44648 3 1 00000 00000000
44649 2 3 00000 0000016B
44651 0 1 00000 00000000
44715 4 3 00000 0000016B
44717 1 1 00000 00000000
44781 4 3 00000 0000016B
44783 3 2 00000 00000000
44847 4 3 00000 0000016B
44849 0 1 00000 00000000
44850 3 3 00000 0000016C
44860 0 2 00000 00000000
44924 4 3 00000 0000016C
44926 1 1 00000 00000000
44927 0 3 00000 0000016D
44937 1 2 00000 00000000
45001 4 3 00000 0000016D
45003 2 1 00000 00000000
45004 1 3 00000 0000016E
45006 0 1 00000 00000000
45070 4 3 00000 0000016E
45072 2 2 00000 00000000
45136 4 3 00000 0000016E
45138 3 1 00000 00000000
45139 2 3 00000 0000016F
45141 0 1 00000 00000000
45205 4 3 00000 0000016F
45207 1 1 00000 00000000
45271 4 3 00000 0000016F
45273 3 2 00000 00000000
45337 4 3 00000 0000016F
45339 0 1 00000 00000000
45340 3 3 00000 00000170
45350 0 2 00000 00000000
45414 4 3 00000 00000170
45416 1 1 00000 00000000
45417 0 3 00000 00000171
45427 1 2 00000 00000000
45491 4 3 00000 00000171
45493 2 1 00000 00000000
45494 1 3 00000 00000172
45496 0 1 00000 00000000
45560 4 3 00000 00000172
45562 2 2 00000 00000000
45626 4 3 00000 00000172
45628 3 1 00000 00000000
45629 2 3 00000 00000173
45631 0 1 00000 00000000
45695 4 3 00000 00000173
45697 1 1 00000 00000000
45761 4 3 00000 00000173
45763 3 2 00000 00000000
45827 4 3 00000 00000173
45829 0 1 00000 00000000
45830 3 3 00000 00000174
45840 0 2 00000 00000000
45904 4 3 00000 00000174
45906 1 1 00000 00000000
45907 0 3 00000 00000175
45917 1 2 00000 00000000
45981 4 3 00000 00000175
45983 2 1 00000 00000000
45984 1 3 00000 00000176
45986 0 1 00000 00000000
46050 4 3 00000 00000176
46052 2 2 00000 00000000
46116 4 3 00000 00000176
46118 3 1 00000 00000000
46119 2 3 00000 00000177
46121 0 1 00000 00000000
46185 4 3 00000 00000177
46187 1 1 00000 00000000
46251 4 3 00000 00000177
46253 3 2 00000 00000000
46317 4 3 00000 00000177
46319 0 1 00000 00000000
46320 3 3 00000 00000178
46330 0 2 00000 00000000
46394 4 3 00000 00000178
46396 1 1 00000 00000000
46397 0 3 00000 00000179
46407 1 2 00000 00000000
46471 4 3 00000 00000179
46473 2 1 00000 00000000
46474 1 3 00000 0000017A
46476 0 1 00000 00000000
46540 4 3 00000 0000017A
46542 2 2 00000 00000000
46606 4 3 00000 0000017A
46608 3 1 00000 00000000
46609 2 3 00000 0000017B
46611 0 1 00000 00000000
46675 4 3 00000 0000017B
46677 1 1 00000 00000000
46741 4 3 00000 0000017B
46743 3 2 00000 00000000
46807 4 3 00000 0000017B
46809 0 1 00000 00000000
46810 3 3 00000 0000017C
46820 0 2 00000 00000000
46884 4 3 00000 0000017C
46886 1 1 00000 00000000
46887 0 3 00000 0000017D
46897 1 2 00000 00000000
46961 4 3 00000 0000017D
46963 2 1 00000 00000000
46964 1 3 00000 0000017E
46966 0 1 00000 00000000
47030 4 3 00000 0000017E
47032 2 2 00000 00000000
47096 4 3 00000 0000017E
47098 3 1 00000 00000000
47099 2 3 00000 0000017F
47101 0 1 00000 00000000
47165 4 3 00000 0000017F
47167 1 1 00000 00000000
47231 4 3 00000 0000017F
47233 3 2 00000 00000000
47297 4 3 00000 0000017F
47299 0 1 00000 00000000
47300 3 3 00000 00000180
47310 0 2 00000 00000000
47374 4 3 00000 00000180
47376 1 1 00000 00000000
47377 0 3 00000 00000181
47387 1 2 00000 00000000
47451 4 3 00000 00000181
47453 2 1 00000 00000000
47454 1 3 00000 00000182
47456 0 1 00000 00000000
47520 4 3 00000 00000182
47522 2 2 00000 00000000
47586 4 3 00000 00000182
47588 3 1 00000 00000000
47589 2 3 00000 00000183
47591 0 1 00000 00000000
47655 4 3 00000 00000183
47657 1 1 00000 00000000
47721 4 3 00000 00000183
47723 3 2 00000 00000000
47787 4 3 00000 00000183
47789 0 1 00000 00000000
47790 3 3 00000 00000184
47800 0 2 00000 00000000
47864 4 3 00000 00000184
47866 1 1 00000 00000000
47867 0 3 00000 00000185
47877 1 2 00000 00000000
47941 4 3 00000 00000185
47943 2 1 00000 00000000
47944 1 3 00000 00000186
47946 0 1 00000 00000000
48010 4 3 00000 00000186
48012 2 2 00000 00000000
48076 4 3 00000 00000186
48078 3 1 00000 00000000
48079 2 3 00000 00000187
48081 0 1 00000 00000000
48145 4 3 00000 00000187
48147 1 1 00000 00000000
48211 4 3 00000 00000187
48213 3 2 00000 00000000
48277 4 3 00000 00000187
48279 0 1 00000 00000000
48280 3 3 00000 00000188
48290 0 2 00000 00000000
48354 4 3 00000 00000188
48356 1 1 00000 00000000
48357 0 3 00000 00000189
48367 1 2 00000 00000000
48431 4 3 00000 00000189
48433 2 1 00000 00000000
48434 1 3 00000 0000018A
48436 0 1 00000 00000000
48500 4 3 00000 0000018A
48502 2 2 00000 00000000
48566 4 3 00000 0000018A
48568 3 1 00000 00000000
48569 2 3 00000 0000018B
48571 0 1 00000 00000000
48635 4 3 00000 0000018B
48637 1 1 00000 00000000
48701 4 3 00000 0000018B
48703 3 2 00000 00000000
48767 4 3 00000 0000018B
48769 0 1 00000 00000000
48770 3 3 00000 0000018C
48780 0 2 00000 00000000
48844 4 3 00000 0000018C
48846 1 1 00000 00000000
48847 0 3 00000 0000018D
48857 1 2 00000 00000000
48921 4 3 00000 0000018D
48923 2 1 00000 00000000
48924 1 3 00000 0000018E
48926 0 1 00000 00000000
48990 4 3 00000 0000018E
48992 2 2 00000 00000000
49056 4 3 00000 0000018E
49058 3 1 00000 00000000
49059 2 3 00000 0000018F
49061 0 1 00000 00000000
49125 4 3 00000 0000018F
49127 1 1 00000 00000000
49191 4 3 00000 0000018F
49193 3 2 00000 00000000
49257 4 3 00000 0000018F
49259 0 1 00000 00000000
49260 3 3 00000 00000190
49270 0 2 00000 00000000
49334 4 3 00000 00000190
49336 1 1 00000 00000000
49337 0 3 00000 00000191
49347 1 2 00000 00000000
49411 4 3 00000 00000191
49413 2 1 00000 00000000
49414 1 3 00000 00000192
49416 0 1 00000 00000000
49480 4 3 00000 00000192
49482 2 2 00000 00000000
49546 4 3 00000 00000192
49548 3 1 00000 00000000
49549 2 3 00000 00000193
49551 0 1 00000 00000000
49615 4 3 00000 00000193
49617 1 1 00000 00000000
49681 4 3 00000 00000193
49683 3 2 00000 00000000
49747 4 3 00000 00000193
49749 0 1 00000 00000000
49750 3 3 00000 00000194
49760 0 2 00000 00000000
49824 4 3 00000 00000194
49826 1 1 00000 00000000
49827 0 3 00000 00000195
49837 1 2 00000 00000000
49901 4 3 00000 00000195
49903 2 1 00000 00000000
49904 1 3 00000 00000196
49906 0 1 00000 00000000
49970 4 3 00000 00000196
49972 2 2 00000 00000000
50036 4 3 00000 00000196
50038 3 1 00000 00000000
50039 2 3 00000 00000197
50041 0 1 00000 00000000
50105 4 3 00000 00000197
50107 1 1 00000 00000000
50171 4 3 00000 00000197
50173 3 2 00000 00000000
50237 4 3 00000 00000197
50239 0 1 00000 00000000
50240 3 3 00000 00000198
50250 0 2 00000 00000000
50314 4 3 00000 00000198
50316 1 1 00000 00000000
50317 0 3 00000 00000199
50327 1 2 00000 00000000
50391 4 3 00000 00000199
50393 2 1 00000 00000000
50394 1 3 00000 0000019A
50396 0 1 00000 00000000
50460 4 3 00000 0000019A
50462 2 2 00000 00000000
50526 4 3 00000 0000019A
50528 3 1 00000 00000000
50529 2 3 00000 0000019B
50531 0 1 00000 00000000
50595 4 3 00000 0000019B
50597 1 1 00000 00000000
50661 4 3 00000 0000019B
50663 3 2 00000 00000000
50727 4 3 00000 0000019B
50729 0 1 00000 00000000
50730 3 3 00000 0000019C
50740 0 2 00000 00000000
50804 4 3 00000 0000019C
50806 1 1 00000 00000000
50807 0 3 00000 0000019D
50817 1 2 00000 00000000
50881 4 3 00000 0000019D
50883 2 1 00000 00000000
50884 1 3 00000 0000019E
50886 0 1 00000 00000000
50950 4 3 00000 0000019E
50952 2 2 00000 00000000
51016 4 3 00000 0000019E
51018 3 1 00000 00000000
51019 2 3 00000 0000019F
51021 0 1 00000 00000000
51085 4 3 00000 0000019F
51087 1 1 00000 00000000
51151 4 3 00000 0000019F
51153 3 2 00000 00000000
51217 4 3 00000 0000019F
51219 0 1 00000 00000000
51220 3 3 00000 000001A0
51230 0 2 00000 00000000
51294 4 3 00000 000001A0
51296 1 1 00000 00000000
51297 0 3 00000 000001A1
51307 1 2 00000 00000000
51371 4 3 00000 000001A1
51373 2 1 00000 00000000
51374 1 3 00000 000001A2
51376 0 1 00000 00000000
51440 4 3 00000 000001A2
51442 2 2 00000 00000000
51506 4 3 00000 000001A2
51508 3 1 00000 00000000
51509 2 3 00000 000001A3
51511 0 1 00000 00000000
51575 4 3 00000 000001A3
51577 1 1 00000 00000000
51641 4 3 00000 000001A3
51643 3 2 00000 00000000
51707 4 3 00000 000001A3
51709 0 1 00000 00000000
51710 3 3 00000 000001A4
51720 0 2 00000 00000000
51784 4 3 00000 000001A4
51786 1 1 00000 00000000
51787 0 3 00000 000001A5
51797 1 2 00000 00000000
51861 4 3 00000 000001A5
51863 2 1 00000 00000000
51864 1 3 00000 000001A6
51866 0 1 00000 00000000
51930 4 3 00000 000001A6
51932 2 2 00000 00000000
51996 4 3 00000 000001A6
51998 3 1 00000 00000000
51999 2 3 00000 000001A7
52001 0 1 00000 00000000
52065 4 3 00000 000001A7
52067 1 1 00000 00000000
52131 4 3 00000 000001A7
52133 3 2 00000 00000000
52197 4 3 00000 000001A7
52199 0 1 00000 00000000
52200 3 3 00000 000001A8
52210 0 2 00000 00000000
52274 4 3 00000 000001A8
52276 1 1 00000 00000000
52277 0 3 00000 000001A9
52287 1 2 00000 00000000
52351 4 3 00000 000001A9
52353 2 1 00000 00000000
52354 1 3 00000 000001AA
52356 0 1 00000 00000000
52420 4 3 00000 000001AA
52422 2 2 00000 00000000
52486 4 3 00000 000001AA
52488 3 1 00000 00000000
52489 2 3 00000 000001AB
52491 0 1 00000 00000000
52555 4 3 00000 000001AB
52557 1 1 00000 00000000
52621 4 3 00000 000001AB
52623 3 2 00000 00000000
52687 4 3 00000 000001AB
52689 0 1 00000 00000000
52690 3 3 00000 000001AC
52700 0 2 00000 00000000
52764 4 3 00000 000001AC
52766 1 1 00000 00000000
52767 0 3 00000 000001AD
52777 1 2 00000 00000000
52841 4 3 00000 000001AD
52843 2 1 00000 00000000
52844 1 3 00000 000001AE
52846 0 1 00000 00000000
52910 4 3 00000 000001AE
52912 2 2 00000 00000000
52976 4 3 00000 000001AE
52978 3 1 00000 00000000
52979 2 3 00000 000001AF
52981 0 1 00000 00000000
53045 4 3 00000 000001AF
53047 1 1 00000 00000000
53111 4 3 00000 000001AF
53113 3 2 00000 00000000
53177 4 3 00000 000001AF
53179 0 1 00000 00000000
53180 3 3 00000 000001B0
53190 0 2 00000 00000000
53254 4 3 00000 000001B0
53256 1 1 00000 00000000
53257 0 3 00000 000001B1
53267 1 2 00000 00000000
53331 4 3 00000 000001B1
53333 2 1 00000 00000000
53334 1 3 00000 000001B2
53336 0 1 00000 00000000
53400 4 3 00000 000001B2
53402 2 2 00000 00000000
53466 4 3 00000 000001B2
53468 3 1 00000 00000000
53469 2 3 00000 000001B3
53471 0 1 00000 00000000
53535 4 3 00000 000001B3
53537 1 1 00000 00000000
53601 4 3 00000 000001B3
53603 3 2 00000 00000000
53667 4 3 00000 000001B3
53669 0 1 00000 00000000
53670 3 3 00000 000001B4
53680 0 2 00000 00000000
53744 4 3 00000 000001B4
53746 1 1 00000 00000000
53747 0 3 00000 000001B5
53757 1 2 00000 00000000
53821 4 3 00000 000001B5
53823 2 1 00000 00000000
53824 1 3 00000 000001B6
53826 0 1 00000 00000000
53890 4 3 00000 000001B6
53892 2 2 00000 00000000
53956 4 3 00000 000001B6
53958 3 1 00000 00000000
53959 2 3 00000 000001B7
53961 0 1 00000 00000000
54025 4 3 00000 000001B7
54027 1 1 00000 00000000
54091 4 3 00000 000001B7
54093 3 2 00000 00000000
54157 4 3 00000 000001B7
54159 0 1 00000 00000000
54160 3 3 00000 000001B8
54170 0 2 00000 00000000
54234 4 3 00000 000001B8
54236 1 1 00000 00000000
54237 0 3 00000 000001B9
54247 1 2 00000 00000000
54311 4 3 00000 000001B9
54313 2 1 00000 00000000
54314 1 3 00000 000001BA
54316 0 1 00000 00000000
54380 4 3 00000 000001BA
54382 2 2 00000 00000000
54446 4 3 00000 000001BA
54448 3 1 00000 00000000
54449 2 3 00000 000001BB
54451 0 1 00000 00000000
54515 4 3 00000 000001BB
54517 1 1 00000 00000000
54581 4 3 00000 000001BB
54583 3 2 00000 00000000
54647 4 3 00000 000001BB
54649 0 1 00000 00000000
54650 3 3 00000 000001BC
54660 0 2 00000 00000000
54724 4 3 00000 000001BC
54726 1 1 00000 00000000
54727 0 3 00000 000001BD
54737 1 2 00000 00000000
54801 4 3 00000 000001BD
54803 2 1 00000 00000000
54804 1 3 00000 000001BE
54806 0 1 00000 00000000
54870 4 3 00000 000001BE
54872 2 2 00000 00000000
54936 4 3 00000 000001BE
54938 3 1 00000 00000000
54939 2 3 00000 000001BF
54941 0 1 00000 00000000
55005 4 3 00000 000001BF
55007 1 1 00000 00000000
55071 4 3 00000 000001BF
55073 3 2 00000 00000000
55137 4 3 00000 000001BF
55139 0 1 00000 00000000
55140 3 3 00000 000001C0
55150 0 2 00000 00000000
55214 4 3 00000 000001C0
55216 1 1 00000 00000000
55217 0 3 00000 000001C1
55227 1 2 00000 00000000
55291 4 3 00000 000001C1
55293 2 1 00000 00000000
55294 1 3 00000 000001C2
55296 0 1 00000 00000000
55360 4 3 00000 000001C2
55362 2 2 00000 00000000
55426 4 3 00000 000001C2
55428 3 1 00000 00000000
55429 2 3 00000 000001C3
55431 0 1 00000 00000000
55495 4 3 00000 000001C3
55497 1 1 00000 00000000
55561 4 3 00000 000001C3
55563 3 2 00000 00000000
55627 4 3 00000 000001C3
55629 0 1 00000 00000000
55630 3 3 00000 000001C4
55640 0 2 00000 00000000
55704 4 3 00000 000001C4
55706 1 1 00000 00000000
55707 0 3 00000 000001C5
55717 1 2 00000 00000000
55781 4 3 00000 000001C5
55783 2 1 00000 00000000
55784 1 3 00000 000001C6
55786 0 1 00000 00000000
55850 4 3 00000 000001C6
55852 2 2 00000 00000000
55916 4 3 00000 000001C6
55918 3 1 00000 00000000
55919 2 3 00000 000001C7
55921 0 1 00000 00000000
55985 4 3 00000 000001C7
55987 1 1 00000 00000000
56051 4 3 00000 000001C7
56053 3 2 00000 00000000
56117 4 3 00000 000001C7
56119 0 1 00000 00000000
56120 3 3 00000 000001C8
56130 0 2 00000 00000000
56194 4 3 00000 000001C8
56196 1 1 00000 00000000
56197 0 3 00000 000001C9
56207 1 2 00000 00000000
56271 4 3 00000 000001C9
56273 2 1 00000 00000000
56274 1 3 00000 000001CA
56276 0 1 00000 00000000
56340 4 3 00000 000001CA
56342 2 2 00000 00000000
56406 4 3 00000 000001CA
56408 3 1 00000 00000000
56409 2 3 00000 000001CB
56411 0 1 00000 00000000
56475 4 3 00000 000001CB
56477 1 1 00000 00000000
56541 4 3 00000 000001CB
56543 3 2 00000 00000000
56607 4 3 00000 000001CB
56609 0 1 00000 00000000
56610 3 3 00000 000001CC
56620 0 2 00000 00000000
56684 4 3 00000 000001CC
56686 1 1 00000 00000000
56687 0 3 00000 000001CD
56697 1 2 00000 00000000
56761 4 3 00000 000001CD
56763 2 1 00000 00000000
56764 1 3 00000 000001CE
56766 0 1 00000 00000000
56830 4 3 00000 000001CE
56832 2 2 00000 00000000
56896 4 3 00000 000001CE
56898 3 1 00000 00000000
56899 2 3 00000 000001CF
56901 0 1 00000 00000000
56965 4 3 00000 000001CF
56967 1 1 00000 00000000
57031 4 3 00000 000001CF
57033 3 2 00000 00000000
57097 4 3 00000 000001CF
57099 0 1 00000 00000000
57100 3 3 00000 000001D0
57110 0 2 00000 00000000
57174 4 3 00000 000001D0
57176 1 1 00000 00000000
57177 0 3 00000 000001D1
57187 1 2 00000 00000000
57251 4 3 00000 000001D1
57253 2 1 00000 00000000
57254 1 3 00000 000001D2
57256 0 1 00000 00000000
57320 4 3 00000 000001D2
57322 2 2 00000 00000000
57386 4 3 00000 000001D2
57388 3 1 00000 00000000
57389 2 3 00000 000001D3
57391 0 1 00000 00000000
57455 4 3 00000 000001D3
57457 1 1 00000 00000000
57521 4 3 00000 000001D3
57523 3 2 00000 00000000
57587 4 3 00000 000001D3
57589 0 1 00000 00000000
57590 3 3 00000 000001D4
57600 0 2 00000 00000000
57664 4 3 00000 000001D4
57666 1 1 00000 00000000
57667 0 3 00000 000001D5
57677 1 2 00000 00000000
57741 4 3 00000 000001D5
57743 2 1 00000 00000000
57744 1 3 00000 000001D6
57746 0 1 00000 00000000
57810 4 3 00000 000001D6
57812 2 2 00000 00000000
57876 4 3 00000 000001D6
57878 3 1 00000 00000000
57879 2 3 00000 000001D7
57881 0 1 00000 00000000
57945 4 3 00000 000001D7
57947 1 1 00000 00000000
58011 4 3 00000 000001D7
58013 3 2 00000 00000000
58077 4 3 00000 000001D7
58079 0 1 00000 00000000
58080 3 3 00000 000001D8
58090 0 2 00000 00000000
58154 4 3 00000 000001D8
58156 1 1 00000 00000000
58157 0 3 00000 000001D9
58167 1 2 00000 00000000
58231 4 3 00000 000001D9
58233 2 1 00000 00000000
58234 1 3 00000 000001DA
58236 0 1 00000 00000000
58300 4 3 00000 000001DA
58302 2 2 00000 00000000
58366 4 3 00000 000001DA
58368 3 1 00000 00000000
58369 2 3 00000 000001DB
58371 0 1 00000 00000000
58435 4 3 00000 000001DB
58437 1 1 00000 00000000
58501 4 3 00000 000001DB
58503 3 2 00000 00000000
58567 4 3 00000 000001DB
58569 0 1 00000 00000000
58570 3 3 00000 000001DC
58580 0 2 00000 00000000
58644 4 3 00000 000001DC
58646 1 1 00000 00000000
58647 0 3 00000 000001DD
58657 1 2 00000 00000000
58721 4 3 00000 000001DD
58723 2 1 00000 00000000
58724 1 3 00000 000001DE
58726 0 1 00000 00000000
58790 4 3 00000 000001DE
58792 2 2 00000 00000000
58856 4 3 00000 000001DE
58858 3 1 00000 00000000
58859 2 3 00000 000001DF
58861 0 1 00000 00000000
58925 4 3 00000 000001DF
58927 1 1 00000 00000000
58991 4 3 00000 000001DF
58993 3 2 00000 00000000
59057 4 3 00000 000001DF
59059 0 1 00000 00000000
59060 3 3 00000 000001E0
59070 0 2 00000 00000000
59134 4 3 00000 000001E0
59136 1 1 00000 00000000
59137 0 3 00000 000001E1
59147 1 2 00000 00000000
59211 4 3 00000 000001E1
59213 2 1 00000 00000000
59214 1 3 00000 000001E2
59216 0 1 00000 00000000
59280 4 3 00000 000001E2
59282 2 2 00000 00000000
59346 4 3 00000 000001E2
59348 3 1 00000 00000000
59349 2 3 00000 000001E3
59351 0 1 00000 00000000
59415 4 3 00000 000001E3
59417 1 1 00000 00000000
59481 4 3 00000 000001E3
59483 3 2 00000 00000000
59547 4 3 00000 000001E3
59549 0 1 00000 00000000
59550 3 3 00000 000001E4
59560 0 2 00000 00000000
59624 4 3 00000 000001E4
59626 1 1 00000 00000000
59627 0 3 00000 000001E5
59637 1 2 00000 00000000
59701 4 3 00000 000001E5
59703 2 1 00000 00000000
59704 1 3 00000 000001E6
59706 0 1 00000 00000000
59770 4 3 00000 000001E6
59772 2 2 00000 00000000
59836 4 3 00000 000001E6
59838 3 1 00000 00000000
59839 2 3 00000 000001E7
59841 0 1 00000 00000000
59905 4 3 00000 000001E7
59907 1 1 00000 00000000
59971 4 3 00000 000001E7
59973 3 2 00000 00000000
60037 4 3 00000 000001E7
60039 0 1 00000 00000000
60040 3 3 00000 000001E8
60050 0 2 00000 00000000
60114 4 3 00000 000001E8
60116 1 1 00000 00000000
60117 0 3 00000 000001E9
60127 1 2 00000 00000000
60191 4 3 00000 000001E9
60193 2 1 00000 00000000
60194 1 3 00000 000001EA
60196 0 1 00000 00000000
60260 4 3 00000 000001EA
60262 2 2 00000 00000000
60326 4 3 00000 000001EA
60328 3 1 00000 00000000
60329 2 3 00000 000001EB
60331 0 1 00000 00000000
60395 4 3 00000 000001EB
60397 1 1 00000 00000000
60461 4 3 00000 000001EB
60463 3 2 00000 00000000
60527 4 3 00000 000001EB
60529 0 1 00000 00000000
60530 3 3 00000 000001EC
60540 0 2 00000 00000000
60604 4 3 00000 000001EC
60606 1 1 00000 00000000
60607 0 3 00000 000001ED
60617 1 2 00000 00000000
60681 4 3 00000 000001ED
60683 2 1 00000 00000000
60684 1 3 00000 000001EE
60686 0 1 00000 00000000
60750 4 3 00000 000001EE
60752 2 2 00000 00000000
60816 4 3 00000 000001EE
60818 3 1 00000 00000000
60819 2 3 00000 000001EF
60821 0 1 00000 00000000
60885 4 3 00000 000001EF
60887 1 1 00000 00000000
60951 4 3 00000 000001EF
60953 3 2 00000 00000000
61017 4 3 00000 000001EF
61019 0 1 00000 00000000
61020 3 3 00000 000001F0
61030 0 2 00000 00000000
61094 4 3 00000 000001F0
61096 1 1 00000 00000000
61097 0 3 00000 000001F1
61107 1 2 00000 00000000
61171 4 3 00000 000001F1
61173 2 1 00000 00000000
61174 1 3 00000 000001F2
61176 0 1 00000 00000000
61240 4 3 00000 000001F2
61242 2 2 00000 00000000
61306 4 3 00000 000001F2
61308 3 1 00000 00000000
61309 2 3 00000 000001F3
61311 0 1 00000 00000000
61375 4 3 00000 000001F3
61377 1 1 00000 00000000
61441 4 3 00000 000001F3
61443 3 2 00000 00000000
61507 4 3 00000 000001F3
61509 0 1 00000 00000000
61510 3 3 00000 000001F4
61520 0 2 00000 00000000
61584 4 3 00000 000001F4
61586 1 1 00000 00000000
61587 0 3 00000 000001F5
61597 1 2 00000 00000000
61661 4 3 00000 000001F5
61663 2 1 00000 00000000
61664 1 3 00000 000001F6
61666 0 1 00000 00000000
61730 4 3 00000 000001F6
61732 2 2 00000 00000000
61796 4 3 00000 000001F6
61798 3 1 00000 00000000
61799 2 3 00000 000001F7
61801 0 1 00000 00000000
61865 4 3 00000 000001F7
61867 1 1 00000 00000000
61931 4 3 00000 000001F7
61933 3 2 00000 00000000
61997 4 3 00000 000001F7
61999 0 1 00000 00000000
62000 3 3 00000 000001F8
62010 0 2 00000 00000000
62074 4 3 00000 000001F8
62076 1 1 00000 00000000
62077 0 3 00000 000001F9
62087 1 2 00000 00000000
62151 4 3 00000 000001F9
62153 2 1 00000 00000000
62154 1 3 00000 000001FA
62156 0 1 00000 00000000
62220 4 3 00000 000001FA
62222 2 2 00000 00000000
62286 4 3 00000 000001FA
62288 3 1 00000 00000000
62289 2 3 00000 000001FB
62291 0 1 00000 00000000
62355 4 3 00000 000001FB
62357 1 1 00000 00000000
62421 4 3 00000 000001FB
62423 3 2 00000 00000000
62487 4 3 00000 000001FB
62489 0 1 00000 00000000
62490 3 3 00000 000001FC
62500 0 2 00000 00000000
62564 4 3 00000 000001FC
62566 1 1 00000 00000000
62567 0 3 00000 000001FD
62574 0 1 00100 00000000
62638 4 3 00100 00000000
62640 1 2 00000 00000000
62704 4 3 00000 000001FD
62706 2 1 00000 00000000
62707 1 3 00000 000001FE
62714 1 1 00200 00000000
62778 4 3 00200 00000000
62780 2 2 00000 00000000
62844 4 3 00000 000001FE
62846 3 1 00000 00000000
62847 2 3 00000 000001FF
62854 2 1 00300 00000000
62918 4 3 00300 00000000
62920 3 2 00000 00000000
62984 4 3 00000 000001FF
62994 3 3 00000 00000200
62996 3 1 00400 00000000
63060 4 3 00400 00000000
