9 0 1 00000 00000000
73 4 3 00000 00000001
76 0 1 00100 00000000
140 4 3 00100 00000001
155 0 1 00001 00000000
219 4 3 00001 00000001
222 0 1 00110 00000000
286 4 3 00110 00000002
301 0 1 00002 00000000
365 4 3 00002 00000001
368 0 1 00120 00000000
432 4 3 00120 00000003
447 0 1 00003 00000000
511 4 3 00003 00000001
514 0 1 00130 00000000
578 4 3 00130 00000004
593 0 1 00004 00000000
657 4 3 00004 00000001
660 0 1 00140 00000000
724 4 3 00140 00000005
739 0 1 00005 00000000
803 4 3 00005 00000001
806 0 1 00150 00000000
870 4 3 00150 00000006
885 0 1 00006 00000000
949 4 3 00006 00000001
952 0 1 00160 00000000
1016 4 3 00160 00000007
1031 0 1 00007 00000000
1095 4 3 00007 00000001
1098 0 1 00170 00000000
1162 4 3 00170 00000008
1177 0 1 00008 00000000
1241 4 3 00008 00000001
1244 0 1 00180 00000000
1308 4 3 00180 00000009
1323 0 1 00009 00000000
1387 4 3 00009 00000001
1390 0 1 00190 00000000
1454 4 3 00190 0000000A
1469 0 1 0000A 00000000
1533 4 3 0000A 00000001
1536 0 1 001A0 00000000
1600 4 3 001A0 0000000B
1615 0 1 0000B 00000000
1679 4 3 0000B 00000001
1682 0 1 001B0 00000000
1746 4 3 001B0 0000000C
1761 0 1 0000C 00000000
1825 4 3 0000C 00000001
1828 0 1 001C0 00000000
1892 4 3 001C0 0000000D
1907 0 1 0000D 00000000
1971 4 3 0000D 00000001
1974 0 1 001D0 00000000
2038 4 3 001D0 0000000E
2053 0 1 0000E 00000000
2117 4 3 0000E 00000001
2120 0 1 001E0 00000000
2184 4 3 001E0 0000000F
2199 0 1 0000F 00000000
2263 4 3 0000F 00000001
2266 0 1 001F0 00000000
2330 4 3 001F0 00000010
2344 0 2 00200 00000000
2408 4 3 00200 00000000
2422 0 3 00200 00000088
2424 0 1 00000 00000000
2488 4 3 00000 00000001
2491 0 1 00101 00000000
2555 4 3 00101 00000001
2570 0 1 00001 00000000
2634 4 3 00001 00000001
2637 0 1 00111 00000000
2701 4 3 00111 00000002
2717 0 1 00121 00000000
2781 4 3 00121 00000003
2797 0 1 00131 00000000
2861 4 3 00131 00000004
2877 0 1 00141 00000000
2941 4 3 00141 00000005
2957 0 1 00151 00000000
3021 4 3 00151 00000006
3037 0 1 00161 00000000
3101 4 3 00161 00000007
3117 0 1 00171 00000000
3181 4 3 00171 00000008
3197 0 1 00181 00000000
3261 4 3 00181 00000009
3277 0 1 00191 00000000
3341 4 3 00191 0000000A
3357 0 1 001A1 00000000
3421 4 3 001A1 0000000B
3437 0 1 001B1 00000000
3501 4 3 001B1 0000000C
3517 0 1 001C1 00000000
3581 4 3 001C1 0000000D
3597 0 1 001D1 00000000
3661 4 3 001D1 0000000E
3677 0 1 001E1 00000000
3741 4 3 001E1 0000000F
3757 0 1 001F1 00000000
3821 4 3 001F1 00000010
3835 0 2 00201 00000000
3899 4 3 00201 00000000
3914 0 1 00102 00000000
3978 4 3 00102 00000001
3993 0 3 00201 00000088
3995 0 1 00001 00000000
4059 4 3 00001 00000001
4062 0 1 00112 00000000
4126 4 3 00112 00000002
4141 0 1 00002 00000000
4205 4 3 00002 00000001
4208 0 1 00122 00000000
4272 4 3 00122 00000003
4288 0 1 00132 00000000
4352 4 3 00132 00000004
4368 0 1 00142 00000000
4432 4 3 00142 00000005
4448 0 1 00152 00000000
4512 4 3 00152 00000006
4528 0 1 00162 00000000
4592 4 3 00162 00000007
4608 0 1 00172 00000000
4672 4 3 00172 00000008
4688 0 1 00182 00000000
4752 4 3 00182 00000009
4768 0 1 00192 00000000
4832 4 3 00192 0000000A
4848 0 1 001A2 00000000
4912 4 3 001A2 0000000B
4928 0 1 001B2 00000000
4992 4 3 001B2 0000000C
5008 0 1 001C2 00000000
5072 4 3 001C2 0000000D
5088 0 1 001D2 00000000
5152 4 3 001D2 0000000E
5168 0 1 001E2 00000000
5232 4 3 001E2 0000000F
5248 0 1 001F2 00000000
5312 4 3 001F2 00000010
5326 0 2 00202 00000000
5390 4 3 00202 00000000
5405 0 1 00103 00000000
5469 4 3 00103 00000001
5485 0 1 00113 00000000
5549 4 3 00113 00000002
5564 0 3 00202 00000088
5566 0 1 00002 00000000
5630 4 3 00002 00000001
5633 0 1 00123 00000000
5697 4 3 00123 00000003
5712 0 1 00003 00000000
5776 4 3 00003 00000001
5779 0 1 00133 00000000
5843 4 3 00133 00000004
5859 0 1 00143 00000000
5923 4 3 00143 00000005
5939 0 1 00153 00000000
6003 4 3 00153 00000006
6019 0 1 00163 00000000
6083 4 3 00163 00000007
6099 0 1 00173 00000000
6163 4 3 00173 00000008
6179 0 1 00183 00000000
6243 4 3 00183 00000009
6259 0 1 00193 00000000
6323 4 3 00193 0000000A
6339 0 1 001A3 00000000
6403 4 3 001A3 0000000B
6419 0 1 001B3 00000000
6483 4 3 001B3 0000000C
6499 0 1 001C3 00000000
6563 4 3 001C3 0000000D
6579 0 1 001D3 00000000
6643 4 3 001D3 0000000E
6659 0 1 001E3 00000000
6723 4 3 001E3 0000000F
6739 0 1 001F3 00000000
6803 4 3 001F3 00000010
6817 0 2 00203 00000000
6881 4 3 00203 00000000
6896 0 1 00104 00000000
6960 4 3 00104 00000001
6976 0 1 00114 00000000
7040 4 3 00114 00000002
7056 0 1 00124 00000000
7120 4 3 00124 00000003
7135 0 3 00203 00000088
7137 0 1 00003 00000000
7201 4 3 00003 00000001
7204 0 1 00134 00000000
7268 4 3 00134 00000004
7283 0 1 00004 00000000
7347 4 3 00004 00000001
7350 0 1 00144 00000000
7414 4 3 00144 00000005
7430 0 1 00154 00000000
7494 4 3 00154 00000006
7510 0 1 00164 00000000
7574 4 3 00164 00000007
7590 0 1 00174 00000000
7654 4 3 00174 00000008
7670 0 1 00184 00000000
7734 4 3 00184 00000009
7750 0 1 00194 00000000
7814 4 3 00194 0000000A
7830 0 1 001A4 00000000
7894 4 3 001A4 0000000B
7910 0 1 001B4 00000000
7974 4 3 001B4 0000000C
7990 0 1 001C4 00000000
8054 4 3 001C4 0000000D
8070 0 1 001D4 00000000
8134 4 3 001D4 0000000E
8150 0 1 001E4 00000000
8214 4 3 001E4 0000000F
8230 0 1 001F4 00000000
8294 4 3 001F4 00000010
8308 0 2 00204 00000000
8372 4 3 00204 00000000
8387 0 1 00105 00000000
8451 4 3 00105 00000001
8467 0 1 00115 00000000
8531 4 3 00115 00000002
8547 0 1 00125 00000000
8611 4 3 00125 00000003
8627 0 1 00135 00000000
8691 4 3 00135 00000004
8706 0 3 00204 00000088
8708 0 1 00004 00000000
8772 4 3 00004 00000001
8775 0 1 00145 00000000
8839 4 3 00145 00000005
8854 0 1 00005 00000000
8918 4 3 00005 00000001
8921 0 1 00155 00000000
8985 4 3 00155 00000006
9001 0 1 00165 00000000
9065 4 3 00165 00000007
9081 0 1 00175 00000000
9145 4 3 00175 00000008
9161 0 1 00185 00000000
9225 4 3 00185 00000009
9241 0 1 00195 00000000
9305 4 3 00195 0000000A
9321 0 1 001A5 00000000
9385 4 3 001A5 0000000B
9401 0 1 001B5 00000000
9465 4 3 001B5 0000000C
9481 0 1 001C5 00000000
9545 4 3 001C5 0000000D
9561 0 1 001D5 00000000
9625 4 3 001D5 0000000E
9641 0 1 001E5 00000000
9705 4 3 001E5 0000000F
9721 0 1 001F5 00000000
9785 4 3 001F5 00000010
9799 0 2 00205 00000000
9863 4 3 00205 00000000
9878 0 1 00106 00000000
9942 4 3 00106 00000001
9958 0 1 00116 00000000
10022 4 3 00116 00000002
10038 0 1 00126 00000000
10102 4 3 00126 00000003
10118 0 1 00136 00000000
10182 4 3 00136 00000004
10198 0 1 00146 00000000
10262 4 3 00146 00000005
10277 0 3 00205 00000088
10279 0 1 00005 00000000
10343 4 3 00005 00000001
10346 0 1 00156 00000000
10410 4 3 00156 00000006
10425 0 1 00006 00000000
10489 4 3 00006 00000001
10492 0 1 00166 00000000
10556 4 3 00166 00000007
10572 0 1 00176 00000000
10636 4 3 00176 00000008
10652 0 1 00186 00000000
10716 4 3 00186 00000009
10732 0 1 00196 00000000
10796 4 3 00196 0000000A
10812 0 1 001A6 00000000
10876 4 3 001A6 0000000B
10892 0 1 001B6 00000000
10956 4 3 001B6 0000000C
10972 0 1 001C6 00000000
11036 4 3 001C6 0000000D
11052 0 1 001D6 00000000
11116 4 3 001D6 0000000E
11132 0 1 001E6 00000000
11196 4 3 001E6 0000000F
11212 0 1 001F6 00000000
11276 4 3 001F6 00000010
11290 0 2 00206 00000000
11354 4 3 00206 00000000
11369 0 1 00107 00000000
11433 4 3 00107 00000001
11449 0 1 00117 00000000
11513 4 3 00117 00000002
11529 0 1 00127 00000000
11593 4 3 00127 00000003
11609 0 1 00137 00000000
11673 4 3 00137 00000004
11689 0 1 00147 00000000
11753 4 3 00147 00000005
11769 0 1 00157 00000000
11833 4 3 00157 00000006
11848 0 3 00206 00000088
11850 0 1 00006 00000000
11914 4 3 00006 00000001
11917 0 1 00167 00000000
11981 4 3 00167 00000007
11996 0 1 00007 00000000
12060 4 3 00007 00000001
12063 0 1 00177 00000000
12127 4 3 00177 00000008
12143 0 1 00187 00000000
12207 4 3 00187 00000009
12223 0 1 00197 00000000
12287 4 3 00197 0000000A
12303 0 1 001A7 00000000
12367 4 3 001A7 0000000B
12383 0 1 001B7 00000000
12447 4 3 001B7 0000000C
12463 0 1 001C7 00000000
12527 4 3 001C7 0000000D
12543 0 1 001D7 00000000
12607 4 3 001D7 0000000E
12623 0 1 001E7 00000000
12687 4 3 001E7 0000000F
12703 0 1 001F7 00000000
12767 4 3 001F7 00000010
12781 0 2 00207 00000000
12845 4 3 00207 00000000
12860 0 1 00108 00000000
12924 4 3 00108 00000001
12940 0 1 00118 00000000
13004 4 3 00118 00000002
13020 0 1 00128 00000000
13084 4 3 00128 00000003
13100 0 1 00138 00000000
13164 4 3 00138 00000004
13180 0 1 00148 00000000
13244 4 3 00148 00000005
13260 0 1 00158 00000000
13324 4 3 00158 00000006
13340 0 1 00168 00000000
13404 4 3 00168 00000007
13419 0 3 00207 00000088
13421 0 1 00007 00000000
13485 4 3 00007 00000001
13488 0 1 00178 00000000
13552 4 3 00178 00000008
13567 0 1 00008 00000000
13631 4 3 00008 00000001
13634 0 1 00188 00000000
13698 4 3 00188 00000009
13714 0 1 00198 00000000
13778 4 3 00198 0000000A
13794 0 1 001A8 00000000
13858 4 3 001A8 0000000B
13874 0 1 001B8 00000000
13938 4 3 001B8 0000000C
13954 0 1 001C8 00000000
14018 4 3 001C8 0000000D
14034 0 1 001D8 00000000
14098 4 3 001D8 0000000E
14114 0 1 001E8 00000000
14178 4 3 001E8 0000000F
14194 0 1 001F8 00000000
14258 4 3 001F8 00000010
14272 0 2 00208 00000000
14336 4 3 00208 00000000
14351 0 1 00109 00000000
14415 4 3 00109 00000001
14431 0 1 00119 00000000
14495 4 3 00119 00000002
14511 0 1 00129 00000000
14575 4 3 00129 00000003
14591 0 1 00139 00000000
14655 4 3 00139 00000004
14671 0 1 00149 00000000
14735 4 3 00149 00000005
14751 0 1 00159 00000000
14815 4 3 00159 00000006
14831 0 1 00169 00000000
14895 4 3 00169 00000007
14911 0 1 00179 00000000
14975 4 3 00179 00000008
14990 0 3 00208 00000088
14992 0 1 00008 00000000
15056 4 3 00008 00000001
15059 0 1 00189 00000000
15123 4 3 00189 00000009
15138 0 1 00009 00000000
15202 4 3 00009 00000001
15205 0 1 00199 00000000
15269 4 3 00199 0000000A
15285 0 1 001A9 00000000
15349 4 3 001A9 0000000B
15365 0 1 001B9 00000000
15429 4 3 001B9 0000000C
15445 0 1 001C9 00000000
15509 4 3 001C9 0000000D
15525 0 1 001D9 00000000
15589 4 3 001D9 0000000E
15605 0 1 001E9 00000000
15669 4 3 001E9 0000000F
15685 0 1 001F9 00000000
15749 4 3 001F9 00000010
15763 0 2 00209 00000000
15827 4 3 00209 00000000
15842 0 1 0010A 00000000
15906 4 3 0010A 00000001
15922 0 1 0011A 00000000
15986 4 3 0011A 00000002
16002 0 1 0012A 00000000
16066 4 3 0012A 00000003
16082 0 1 0013A 00000000
16146 4 3 0013A 00000004
16162 0 1 0014A 00000000
16226 4 3 0014A 00000005
16242 0 1 0015A 00000000
16306 4 3 0015A 00000006
16322 0 1 0016A 00000000
16386 4 3 0016A 00000007
16402 0 1 0017A 00000000
16466 4 3 0017A 00000008
16482 0 1 0018A 00000000
16546 4 3 0018A 00000009
16561 0 3 00209 00000088
16563 0 1 00009 00000000
16627 4 3 00009 00000001
16630 0 1 0019A 00000000
16694 4 3 0019A 0000000A
16709 0 1 0000A 00000000
16773 4 3 0000A 00000001
16776 0 1 001AA 00000000
16840 4 3 001AA 0000000B
16856 0 1 001BA 00000000
16920 4 3 001BA 0000000C
16936 0 1 001CA 00000000
17000 4 3 001CA 0000000D
17016 0 1 001DA 00000000
17080 4 3 001DA 0000000E
17096 0 1 001EA 00000000
17160 4 3 001EA 0000000F
17176 0 1 001FA 00000000
17240 4 3 001FA 00000010
17254 0 2 0020A 00000000
17318 4 3 0020A 00000000
17333 0 1 0010B 00000000
17397 4 3 0010B 00000001
17413 0 1 0011B 00000000
17477 4 3 0011B 00000002
17493 0 1 0012B 00000000
17557 4 3 0012B 00000003
17573 0 1 0013B 00000000
17637 4 3 0013B 00000004
17653 0 1 0014B 00000000
17717 4 3 0014B 00000005
17733 0 1 0015B 00000000
17797 4 3 0015B 00000006
17813 0 1 0016B 00000000
17877 4 3 0016B 00000007
17893 0 1 0017B 00000000
17957 4 3 0017B 00000008
17973 0 1 0018B 00000000
18037 4 3 0018B 00000009
18053 0 1 0019B 00000000
18117 4 3 0019B 0000000A
18132 0 3 0020A 00000088
18134 0 1 0000A 00000000
18198 4 3 0000A 00000001
18201 0 1 001AB 00000000
18265 4 3 001AB 0000000B
18280 0 1 0000B 00000000
18344 4 3 0000B 00000001
18347 0 1 001BB 00000000
18411 4 3 001BB 0000000C
18427 0 1 001CB 00000000
18491 4 3 001CB 0000000D
18507 0 1 001DB 00000000
18571 4 3 001DB 0000000E
18587 0 1 001EB 00000000
18651 4 3 001EB 0000000F
18667 0 1 001FB 00000000
18731 4 3 001FB 00000010
18745 0 2 0020B 00000000
18809 4 3 0020B 00000000
18824 0 1 0010C 00000000
18888 4 3 0010C 00000001
18904 0 1 0011C 00000000
18968 4 3 0011C 00000002
18984 0 1 0012C 00000000
19048 4 3 0012C 00000003
19064 0 1 0013C 00000000
19128 4 3 0013C 00000004
19144 0 1 0014C 00000000
19208 4 3 0014C 00000005
19224 0 1 0015C 00000000
19288 4 3 0015C 00000006
19304 0 1 0016C 00000000
19368 4 3 0016C 00000007
19384 0 1 0017C 00000000
19448 4 3 0017C 00000008
19464 0 1 0018C 00000000
19528 4 3 0018C 00000009
19544 0 1 0019C 00000000
19608 4 3 0019C 0000000A
19624 0 1 001AC 00000000
19688 4 3 001AC 0000000B
19703 0 3 0020B 00000088
19705 0 1 0000B 00000000
19769 4 3 0000B 00000001
19772 0 1 001BC 00000000
19836 4 3 001BC 0000000C
19851 0 1 0000C 00000000
19915 4 3 0000C 00000001
19918 0 1 001CC 00000000
19982 4 3 001CC 0000000D
19998 0 1 001DC 00000000
20062 4 3 001DC 0000000E
20078 0 1 001EC 00000000
20142 4 3 001EC 0000000F
20158 0 1 001FC 00000000
20222 4 3 001FC 00000010
20236 0 2 0020C 00000000
20300 4 3 0020C 00000000
20315 0 1 0010D 00000000
20379 4 3 0010D 00000001
20395 0 1 0011D 00000000
20459 4 3 0011D 00000002
20475 0 1 0012D 00000000
20539 4 3 0012D 00000003
20555 0 1 0013D 00000000
20619 4 3 0013D 00000004
20635 0 1 0014D 00000000
20699 4 3 0014D 00000005
20715 0 1 0015D 00000000
20779 4 3 0015D 00000006
20795 0 1 0016D 00000000
20859 4 3 0016D 00000007
20875 0 1 0017D 00000000
20939 4 3 0017D 00000008
20955 0 1 0018D 00000000
21019 4 3 0018D 00000009
21035 0 1 0019D 00000000
21099 4 3 0019D 0000000A
21115 0 1 001AD 00000000
21179 4 3 001AD 0000000B
21195 0 1 001BD 00000000
21259 4 3 001BD 0000000C
21274 0 3 0020C 00000088
21276 0 1 0000C 00000000
21340 4 3 0000C 00000001
21343 0 1 001CD 00000000
21407 4 3 001CD 0000000D
21422 0 1 0000D 00000000
21486 4 3 0000D 00000001
21489 0 1 001DD 00000000
21553 4 3 001DD 0000000E
21569 0 1 001ED 00000000
21633 4 3 001ED 0000000F
21649 0 1 001FD 00000000
21713 4 3 001FD 00000010
21727 0 2 0020D 00000000
21791 4 3 0020D 00000000
21806 0 1 0010E 00000000
21870 4 3 0010E 00000001
21886 0 1 0011E 00000000
21950 4 3 0011E 00000002
21966 0 1 0012E 00000000
22030 4 3 0012E 00000003
22046 0 1 0013E 00000000
22110 4 3 0013E 00000004
22126 0 1 0014E 00000000
22190 4 3 0014E 00000005
22206 0 1 0015E 00000000
22270 4 3 0015E 00000006
22286 0 1 0016E 00000000
22350 4 3 0016E 00000007
22366 0 1 0017E 00000000
22430 4 3 0017E 00000008
22446 0 1 0018E 00000000
22510 4 3 0018E 00000009
22526 0 1 0019E 00000000
22590 4 3 0019E 0000000A
22606 0 1 001AE 00000000
22670 4 3 001AE 0000000B
22686 0 1 001BE 00000000
22750 4 3 001BE 0000000C
22766 0 1 001CE 00000000
22830 4 3 001CE 0000000D
22845 0 3 0020D 00000088
22847 0 1 0000D 00000000
22911 4 3 0000D 00000001
22914 0 1 001DE 00000000
22978 4 3 001DE 0000000E
22993 0 1 0000E 00000000
23057 4 3 0000E 00000001
23060 0 1 001EE 00000000
23124 4 3 001EE 0000000F
23140 0 1 001FE 00000000
23204 4 3 001FE 00000010
23218 0 2 0020E 00000000
23282 4 3 0020E 00000000
23297 0 1 0010F 00000000
23361 4 3 0010F 00000001
23377 0 1 0011F 00000000
23441 4 3 0011F 00000002
23457 0 1 0012F 00000000
23521 4 3 0012F 00000003
23537 0 1 0013F 00000000
23601 4 3 0013F 00000004
23617 0 1 0014F 00000000
23681 4 3 0014F 00000005
23697 0 1 0015F 00000000
23761 4 3 0015F 00000006
23777 0 1 0016F 00000000
23841 4 3 0016F 00000007
23857 0 1 0017F 00000000
23921 4 3 0017F 00000008
23937 0 1 0018F 00000000
24001 4 3 0018F 00000009
24017 0 1 0019F 00000000
24081 4 3 0019F 0000000A
24097 0 1 001AF 00000000
24161 4 3 001AF 0000000B
24177 0 1 001BF 00000000
24241 4 3 001BF 0000000C
24257 0 1 001CF 00000000
24321 4 3 001CF 0000000D
24337 0 1 001DF 00000000
24401 4 3 001DF 0000000E
24416 0 3 0020E 00000088
24418 0 1 0000E 00000000
24482 4 3 0000E 00000001
24485 0 1 001EF 00000000
24549 4 3 001EF 0000000F
24564 0 1 0000F 00000000
24628 4 3 0000F 00000001
24631 0 1 001FF 00000000
24695 4 3 001FF 00000010
24709 0 2 0020F 00000000
24773 4 3 0020F 00000000
24790 0 1 00010 00000000
24854 4 3 00010 00000002
24857 0 1 00100 00000000
24921 4 3 00100 00000001
24936 0 1 00011 00000000
25000 4 3 00011 00000002
25003 0 1 00110 00000000
25067 4 3 00110 00000002
25082 0 1 00012 00000000
25146 4 3 00012 00000002
25162 0 1 00013 00000000
25226 4 3 00013 00000002
25242 0 1 00014 00000000
25306 4 3 00014 00000002
25322 0 1 00015 00000000
25386 4 3 00015 00000002
25402 0 1 00016 00000000
25466 4 3 00016 00000002
25482 0 1 00017 00000000
25546 4 3 00017 00000002
25562 0 1 00018 00000000
25626 4 3 00018 00000002
25642 0 1 00019 00000000
25706 4 3 00019 00000002
25722 0 1 0001A 00000000
25786 4 3 0001A 00000002
25802 0 1 0001B 00000000
25866 4 3 0001B 00000002
25882 0 1 0001C 00000000
25946 4 3 0001C 00000002
25962 0 1 0001D 00000000
26026 4 3 0001D 00000002
26042 0 1 0001E 00000000
26106 4 3 0001E 00000002
26122 0 1 0001F 00000000
26186 4 3 0001F 00000002
26201 0 2 00210 00000000
26265 4 3 00210 00000000
26279 0 3 00210 00000110
26281 0 1 00010 00000000
26345 4 3 00010 00000002
26348 0 1 00101 00000000
26412 4 3 00101 00000001
26428 0 1 00111 00000000
26492 4 3 00111 00000002
26702 0 2 00211 00000000
26766 4 3 00211 00000000
26781 0 1 00102 00000000
26845 4 3 00102 00000001
26860 0 3 00211 00000110
26862 0 1 00011 00000000
26926 4 3 00011 00000002
26929 0 1 00112 00000000
26993 4 3 00112 00000002
27008 0 1 00012 00000000
27072 4 3 00012 00000002
27269 0 2 00212 00000000
27333 4 3 00212 00000000
27348 0 1 00103 00000000
27412 4 3 00103 00000001
27428 0 1 00113 00000000
27492 4 3 00113 00000002
27507 0 3 00212 00000110
27509 0 1 00012 00000000
27573 4 3 00012 00000002
27589 0 1 00013 00000000
27653 4 3 00013 00000002
27836 0 2 00213 00000000
27900 4 3 00213 00000000
27915 0 1 00104 00000000
27979 4 3 00104 00000001
27995 0 1 00114 00000000
28059 4 3 00114 00000002
28088 0 3 00213 00000110
28090 0 1 00013 00000000
28154 4 3 00013 00000002
28170 0 1 00014 00000000
28234 4 3 00014 00000002
28403 0 2 00214 00000000
28467 4 3 00214 00000000
28482 0 1 00105 00000000
28546 4 3 00105 00000001
28562 0 1 00115 00000000
28626 4 3 00115 00000002
28669 0 3 00214 00000110
28671 0 1 00014 00000000
28735 4 3 00014 00000002
28751 0 1 00015 00000000
28815 4 3 00015 00000002
28970 0 2 00215 00000000
29034 4 3 00215 00000000
29049 0 1 00106 00000000
29113 4 3 00106 00000001
29129 0 1 00116 00000000
29193 4 3 00116 00000002
29250 0 3 00215 00000110
29252 0 1 00015 00000000
29316 4 3 00015 00000002
29332 0 1 00016 00000000
29396 4 3 00016 00000002
29537 0 2 00216 00000000
29601 4 3 00216 00000000
29616 0 1 00107 00000000
29680 4 3 00107 00000001
29696 0 1 00117 00000000
29760 4 3 00117 00000002
29831 0 3 00216 00000110
29833 0 1 00016 00000000
29897 4 3 00016 00000002
29913 0 1 00017 00000000
29977 4 3 00017 00000002
30104 0 2 00217 00000000
30168 4 3 00217 00000000
30183 0 1 00108 00000000
30247 4 3 00108 00000001
30263 0 1 00118 00000000
30327 4 3 00118 00000002
30412 0 3 00217 00000110
30414 0 1 00017 00000000
30478 4 3 00017 00000002
30494 0 1 00018 00000000
30558 4 3 00018 00000002
30671 0 2 00218 00000000
30735 4 3 00218 00000000
30750 0 1 00109 00000000
30814 4 3 00109 00000001
30830 0 1 00119 00000000
30894 4 3 00119 00000002
30993 0 3 00218 00000110
30995 0 1 00018 00000000
31059 4 3 00018 00000002
31075 0 1 00019 00000000
31139 4 3 00019 00000002
31238 0 2 00219 00000000
31302 4 3 00219 00000000
31317 0 1 0010A 00000000
31381 4 3 0010A 00000001
31397 0 1 0011A 00000000
31461 4 3 0011A 00000002
31574 0 3 00219 00000110
31576 0 1 00019 00000000
31640 4 3 00019 00000002
31656 0 1 0001A 00000000
31720 4 3 0001A 00000002
31805 0 2 0021A 00000000
31869 4 3 0021A 00000000
31884 0 1 0010B 00000000
31948 4 3 0010B 00000001
31964 0 1 0011B 00000000
32028 4 3 0011B 00000002
32155 0 3 0021A 00000110
32157 0 1 0001A 00000000
32221 4 3 0001A 00000002
32237 0 1 0001B 00000000
32301 4 3 0001B 00000002
32372 0 2 0021B 00000000
32436 4 3 0021B 00000000
32451 0 1 0010C 00000000
32515 4 3 0010C 00000001
32531 0 1 0011C 00000000
32595 4 3 0011C 00000002
32736 0 3 0021B 00000110
32738 0 1 0001B 00000000
32802 4 3 0001B 00000002
32818 0 1 0001C 00000000
32882 4 3 0001C 00000002
32939 0 2 0021C 00000000
33003 4 3 0021C 00000000
33018 0 1 0010D 00000000
33082 4 3 0010D 00000001
33098 0 1 0011D 00000000
33162 4 3 0011D 00000002
33317 0 3 0021C 00000110
33319 0 1 0001C 00000000
33383 4 3 0001C 00000002
33399 0 1 0001D 00000000
33463 4 3 0001D 00000002
33506 0 2 0021D 00000000
33570 4 3 0021D 00000000
33585 0 1 0010E 00000000
33649 4 3 0010E 00000001
33665 0 1 0011E 00000000
33729 4 3 0011E 00000002
33898 0 3 0021D 00000110
33900 0 1 0001D 00000000
33964 4 3 0001D 00000002
33980 0 1 0001E 00000000
34044 4 3 0001E 00000002
34073 0 2 0021E 00000000
34137 4 3 0021E 00000000
34152 0 3 0020F 00000088
34154 0 1 0010F 00000000
34218 4 3 0010F 00000001
34234 0 1 0011F 00000000
34298 4 3 0011F 00000002
34481 0 3 0021E 00000110
34483 0 1 0001E 00000000
34547 4 3 0001E 00000002
34563 0 1 0001F 00000000
34627 4 3 0001F 00000002
34642 0 2 0021F 00000000
34706 4 3 0021F 00000000
34723 0 1 00020 00000000
34787 4 3 00020 00000003
34803 0 1 00021 00000000
34867 4 3 00021 00000003
34870 0 1 00110 00000000
34934 4 3 00110 00000002
34949 0 1 00022 00000000
35013 4 3 00022 00000003
35016 0 1 00120 00000000
35080 4 3 00120 00000003
35095 0 1 00023 00000000
35159 4 3 00023 00000003
35175 0 1 00024 00000000
35239 4 3 00024 00000003
35255 0 1 00025 00000000
35319 4 3 00025 00000003
35335 0 1 00026 00000000
35399 4 3 00026 00000003
35415 0 1 00027 00000000
35479 4 3 00027 00000003
35495 0 1 00028 00000000
35559 4 3 00028 00000003
35575 0 1 00029 00000000
35639 4 3 00029 00000003
35655 0 1 0002A 00000000
35719 4 3 0002A 00000003
35735 0 1 0002B 00000000
35799 4 3 0002B 00000003
35815 0 1 0002C 00000000
35879 4 3 0002C 00000003
35895 0 1 0002D 00000000
35959 4 3 0002D 00000003
35975 0 1 0002E 00000000
36039 4 3 0002E 00000003
36055 0 1 0002F 00000000
36119 4 3 0002F 00000003
36134 0 2 00220 00000000
36198 4 3 00220 00000000
36212 0 3 00220 00000198
36214 0 1 00020 00000000
36278 4 3 00020 00000003
36295 0 1 00111 00000000
36359 4 3 00111 00000002
36375 0 1 00121 00000000
36439 4 3 00121 00000003
36635 0 2 00221 00000000
36699 4 3 00221 00000000
36727 0 3 00221 00000198
36729 0 1 00021 00000000
36793 4 3 00021 00000003
36796 0 1 00112 00000000
36860 4 3 00112 00000002
36876 0 1 00122 00000000
36940 4 3 00122 00000003
37136 0 2 00222 00000000
37200 4 3 00222 00000000
37229 0 1 00113 00000000
37293 4 3 00113 00000002
37308 0 3 00222 00000198
37310 0 1 00022 00000000
37374 4 3 00022 00000003
37377 0 1 00123 00000000
37441 4 3 00123 00000003
37456 0 1 00023 00000000
37520 4 3 00023 00000003
37703 0 2 00223 00000000
37767 4 3 00223 00000000
37796 0 1 00114 00000000
37860 4 3 00114 00000002
37876 0 1 00124 00000000
37940 4 3 00124 00000003
37955 0 3 00223 00000198
37957 0 1 00023 00000000
38021 4 3 00023 00000003
38037 0 1 00024 00000000
38101 4 3 00024 00000003
38270 0 2 00224 00000000
38334 4 3 00224 00000000
38363 0 1 00115 00000000
38427 4 3 00115 00000002
38443 0 1 00125 00000000
38507 4 3 00125 00000003
38536 0 3 00224 00000198
38538 0 1 00024 00000000
38602 4 3 00024 00000003
38618 0 1 00025 00000000
38682 4 3 00025 00000003
38837 0 2 00225 00000000
38901 4 3 00225 00000000
38930 0 1 00116 00000000
38994 4 3 00116 00000002
39010 0 1 00126 00000000
39074 4 3 00126 00000003
39117 0 3 00225 00000198
39119 0 1 00025 00000000
39183 4 3 00025 00000003
39199 0 1 00026 00000000
39263 4 3 00026 00000003
39404 0 2 00226 00000000
39468 4 3 00226 00000000
39497 0 1 00117 00000000
39561 4 3 00117 00000002
39577 0 1 00127 00000000
39641 4 3 00127 00000003
39698 0 3 00226 00000198
39700 0 1 00026 00000000
39764 4 3 00026 00000003
39780 0 1 00027 00000000
39844 4 3 00027 00000003
39971 0 2 00227 00000000
40035 4 3 00227 00000000
40064 0 1 00118 00000000
40128 4 3 00118 00000002
40144 0 1 00128 00000000
40208 4 3 00128 00000003
40279 0 3 00227 00000198
40281 0 1 00027 00000000
40345 4 3 00027 00000003
40361 0 1 00028 00000000
40425 4 3 00028 00000003
40538 0 2 00228 00000000
40602 4 3 00228 00000000
40631 0 1 00119 00000000
40695 4 3 00119 00000002
40711 0 1 00129 00000000
40775 4 3 00129 00000003
40860 0 3 00228 00000198
40862 0 1 00028 00000000
40926 4 3 00028 00000003
40942 0 1 00029 00000000
41006 4 3 00029 00000003
41105 0 2 00229 00000000
41169 4 3 00229 00000000
41198 0 1 0011A 00000000
41262 4 3 0011A 00000002
41278 0 1 0012A 00000000
41342 4 3 0012A 00000003
41441 0 3 00229 00000198
41443 0 1 00029 00000000
41507 4 3 00029 00000003
41523 0 1 0002A 00000000
41587 4 3 0002A 00000003
41672 0 2 0022A 00000000
41736 4 3 0022A 00000000
41765 0 1 0011B 00000000
41829 4 3 0011B 00000002
41845 0 1 0012B 00000000
41909 4 3 0012B 00000003
42022 0 3 0022A 00000198
42024 0 1 0002A 00000000
42088 4 3 0002A 00000003
42104 0 1 0002B 00000000
42168 4 3 0002B 00000003
42239 0 2 0022B 00000000
42303 4 3 0022B 00000000
42332 0 1 0011C 00000000
42396 4 3 0011C 00000002
42412 0 1 0012C 00000000
42476 4 3 0012C 00000003
42603 0 3 0022B 00000198
42605 0 1 0002B 00000000
42669 4 3 0002B 00000003
42685 0 1 0002C 00000000
42749 4 3 0002C 00000003
42806 0 2 0022C 00000000
42870 4 3 0022C 00000000
42899 0 1 0011D 00000000
42963 4 3 0011D 00000002
42979 0 1 0012D 00000000
43043 4 3 0012D 00000003
43184 0 3 0022C 00000198
43186 0 1 0002C 00000000
43250 4 3 0002C 00000003
43266 0 1 0002D 00000000
43330 4 3 0002D 00000003
43373 0 2 0022D 00000000
43437 4 3 0022D 00000000
43466 0 1 0011E 00000000
43530 4 3 0011E 00000002
43546 0 1 0012E 00000000
43610 4 3 0012E 00000003
43765 0 3 0022D 00000198
43767 0 1 0002D 00000000
43831 4 3 0002D 00000003
43847 0 1 0002E 00000000
43911 4 3 0002E 00000003
43940 0 2 0022E 00000000
44004 4 3 0022E 00000000
44033 0 3 0021F 00000110
44035 0 1 0011F 00000000
44099 4 3 0011F 00000002
44115 0 1 0012F 00000000
44179 4 3 0012F 00000003
44348 0 3 0022E 00000198
44350 0 1 0002E 00000000
44414 4 3 0002E 00000003
44430 0 1 0002F 00000000
44494 4 3 0002F 00000003
44509 0 2 0022F 00000000
44573 4 3 0022F 00000000
44590 0 1 00030 00000000
44654 4 3 00030 00000004
44670 0 1 00031 00000000
44734 4 3 00031 00000004
44750 0 1 00032 00000000
44814 4 3 00032 00000004
44817 0 1 00120 00000000
44881 4 3 00120 00000003
44896 0 1 00033 00000000
44960 4 3 00033 00000004
44963 0 1 00130 00000000
45027 4 3 00130 00000004
45042 0 1 00034 00000000
45106 4 3 00034 00000004
45122 0 1 00035 00000000
45186 4 3 00035 00000004
45202 0 1 00036 00000000
45266 4 3 00036 00000004
45282 0 1 00037 00000000
45346 4 3 00037 00000004
45362 0 1 00038 00000000
45426 4 3 00038 00000004
45442 0 1 00039 00000000
45506 4 3 00039 00000004
45522 0 1 0003A 00000000
45586 4 3 0003A 00000004
45602 0 1 0003B 00000000
45666 4 3 0003B 00000004
45682 0 1 0003C 00000000
45746 4 3 0003C 00000004
45762 0 1 0003D 00000000
45826 4 3 0003D 00000004
45842 0 1 0003E 00000000
45906 4 3 0003E 00000004
45922 0 1 0003F 00000000
45986 4 3 0003F 00000004
46001 0 2 00230 00000000
46065 4 3 00230 00000000
46079 0 3 00230 00000220
46081 0 1 00030 00000000
46145 4 3 00030 00000004
46176 0 1 00121 00000000
46240 4 3 00121 00000003
46256 0 1 00131 00000000
46320 4 3 00131 00000004
46502 0 2 00231 00000000
46566 4 3 00231 00000000
46594 0 3 00231 00000220
46596 0 1 00031 00000000
46660 4 3 00031 00000004
46677 0 1 00122 00000000
46741 4 3 00122 00000003
46757 0 1 00132 00000000
46821 4 3 00132 00000004
47003 0 2 00232 00000000
47067 4 3 00232 00000000
47109 0 3 00232 00000220
47111 0 1 00032 00000000
47175 4 3 00032 00000004
47178 0 1 00123 00000000
47242 4 3 00123 00000003
47258 0 1 00133 00000000
47322 4 3 00133 00000004
47504 0 2 00233 00000000
47568 4 3 00233 00000000
47611 0 1 00124 00000000
47675 4 3 00124 00000003
47690 0 3 00233 00000220
47692 0 1 00033 00000000
47756 4 3 00033 00000004
47759 0 1 00134 00000000
47823 4 3 00134 00000004
47838 0 1 00034 00000000
47902 4 3 00034 00000004
48071 0 2 00234 00000000
48135 4 3 00234 00000000
48178 0 1 00125 00000000
48242 4 3 00125 00000003
48258 0 1 00135 00000000
48322 4 3 00135 00000004
48337 0 3 00234 00000220
48339 0 1 00034 00000000
48403 4 3 00034 00000004
48419 0 1 00035 00000000
48483 4 3 00035 00000004
48638 0 2 00235 00000000
48702 4 3 00235 00000000
48745 0 1 00126 00000000
48809 4 3 00126 00000003
48825 0 1 00136 00000000
48889 4 3 00136 00000004
48918 0 3 00235 00000220
48920 0 1 00035 00000000
48984 4 3 00035 00000004
49000 0 1 00036 00000000
49064 4 3 00036 00000004
49205 0 2 00236 00000000
49269 4 3 00236 00000000
49312 0 1 00127 00000000
49376 4 3 00127 00000003
49392 0 1 00137 00000000
49456 4 3 00137 00000004
49499 0 3 00236 00000220
49501 0 1 00036 00000000
49565 4 3 00036 00000004
49581 0 1 00037 00000000
49645 4 3 00037 00000004
49772 0 2 00237 00000000
49836 4 3 00237 00000000
49879 0 1 00128 00000000
49943 4 3 00128 00000003
49959 0 1 00138 00000000
50023 4 3 00138 00000004
50080 0 3 00237 00000220
50082 0 1 00037 00000000
50146 4 3 00037 00000004
50162 0 1 00038 00000000
50226 4 3 00038 00000004
50339 0 2 00238 00000000
50403 4 3 00238 00000000
50446 0 1 00129 00000000
50510 4 3 00129 00000003
50526 0 1 00139 00000000
50590 4 3 00139 00000004
50661 0 3 00238 00000220
50663 0 1 00038 00000000
50727 4 3 00038 00000004
50743 0 1 00039 00000000
50807 4 3 00039 00000004
50906 0 2 00239 00000000
50970 4 3 00239 00000000
51013 0 1 0012A 00000000
51077 4 3 0012A 00000003
51093 0 1 0013A 00000000
51157 4 3 0013A 00000004
51242 0 3 00239 00000220
51244 0 1 00039 00000000
51308 4 3 00039 00000004
51324 0 1 0003A 00000000
51388 4 3 0003A 00000004
51473 0 2 0023A 00000000
51537 4 3 0023A 00000000
51580 0 1 0012B 00000000
51644 4 3 0012B 00000003
51660 0 1 0013B 00000000
51724 4 3 0013B 00000004
51823 0 3 0023A 00000220
51825 0 1 0003A 00000000
51889 4 3 0003A 00000004
51905 0 1 0003B 00000000
51969 4 3 0003B 00000004
52040 0 2 0023B 00000000
52104 4 3 0023B 00000000
52147 0 1 0012C 00000000
52211 4 3 0012C 00000003
52227 0 1 0013C 00000000
52291 4 3 0013C 00000004
52404 0 3 0023B 00000220
52406 0 1 0003B 00000000
52470 4 3 0003B 00000004
52486 0 1 0003C 00000000
52550 4 3 0003C 00000004
52607 0 2 0023C 00000000
52671 4 3 0023C 00000000
52714 0 1 0012D 00000000
52778 4 3 0012D 00000003
52794 0 1 0013D 00000000
52858 4 3 0013D 00000004
52985 0 3 0023C 00000220
52987 0 1 0003C 00000000
53051 4 3 0003C 00000004
53067 0 1 0003D 00000000
53131 4 3 0003D 00000004
53174 0 2 0023D 00000000
53238 4 3 0023D 00000000
53281 0 1 0012E 00000000
53345 4 3 0012E 00000003
53361 0 1 0013E 00000000
53425 4 3 0013E 00000004
53566 0 3 0023D 00000220
53568 0 1 0003D 00000000
53632 4 3 0003D 00000004
53648 0 1 0003E 00000000
53712 4 3 0003E 00000004
53741 0 2 0023E 00000000
53805 4 3 0023E 00000000
53848 0 3 0022F 00000198
53850 0 1 0012F 00000000
53914 4 3 0012F 00000003
53930 0 1 0013F 00000000
53994 4 3 0013F 00000004
54149 0 3 0023E 00000220
54151 0 1 0003E 00000000
54215 4 3 0003E 00000004
54231 0 1 0003F 00000000
54295 4 3 0003F 00000004
54310 0 2 0023F 00000000
54374 4 3 0023F 00000000
54391 0 1 00040 00000000
54455 4 3 00040 00000005
54471 0 1 00041 00000000
54535 4 3 00041 00000005
54551 0 1 00042 00000000
54615 4 3 00042 00000005
54631 0 1 00043 00000000
54695 4 3 00043 00000005
54698 0 1 00130 00000000
54762 4 3 00130 00000004
54777 0 1 00044 00000000
54841 4 3 00044 00000005
54844 0 1 00140 00000000
54908 4 3 00140 00000005
54923 0 1 00045 00000000
54987 4 3 00045 00000005
55003 0 1 00046 00000000
55067 4 3 00046 00000005
55083 0 1 00047 00000000
55147 4 3 00047 00000005
55163 0 1 00048 00000000
55227 4 3 00048 00000005
55243 0 1 00049 00000000
55307 4 3 00049 00000005
55323 0 1 0004A 00000000
55387 4 3 0004A 00000005
55403 0 1 0004B 00000000
55467 4 3 0004B 00000005
55483 0 1 0004C 00000000
55547 4 3 0004C 00000005
55563 0 1 0004D 00000000
55627 4 3 0004D 00000005
55643 0 1 0004E 00000000
55707 4 3 0004E 00000005
55723 0 1 0004F 00000000
55787 4 3 0004F 00000005
55802 0 2 00240 00000000
55866 4 3 00240 00000000
55880 0 3 00240 000002A8
55882 0 1 00040 00000000
55946 4 3 00040 00000005
55991 0 1 00131 00000000
56055 4 3 00131 00000004
56071 0 1 00141 00000000
56135 4 3 00141 00000005
56303 0 2 00241 00000000
56367 4 3 00241 00000000
56395 0 3 00241 000002A8
56397 0 1 00041 00000000
56461 4 3 00041 00000005
56492 0 1 00132 00000000
56556 4 3 00132 00000004
56572 0 1 00142 00000000
56636 4 3 00142 00000005
56804 0 2 00242 00000000
56868 4 3 00242 00000000
56910 0 3 00242 000002A8
56912 0 1 00042 00000000
56976 4 3 00042 00000005
56993 0 1 00133 00000000
57057 4 3 00133 00000004
57073 0 1 00143 00000000
57137 4 3 00143 00000005
57305 0 2 00243 00000000
57369 4 3 00243 00000000
57425 0 3 00243 000002A8
57427 0 1 00043 00000000
57491 4 3 00043 00000005
57494 0 1 00134 00000000
57558 4 3 00134 00000004
57574 0 1 00144 00000000
57638 4 3 00144 00000005
57806 0 2 00244 00000000
57870 4 3 00244 00000000
57927 0 1 00135 00000000
57991 4 3 00135 00000004
58006 0 3 00244 000002A8
58008 0 1 00044 00000000
58072 4 3 00044 00000005
58075 0 1 00145 00000000
58139 4 3 00145 00000005
58154 0 1 00045 00000000
58218 4 3 00045 00000005
58373 0 2 00245 00000000
58437 4 3 00245 00000000
58494 0 1 00136 00000000
58558 4 3 00136 00000004
58574 0 1 00146 00000000
58638 4 3 00146 00000005
58653 0 3 00245 000002A8
58655 0 1 00045 00000000
58719 4 3 00045 00000005
58735 0 1 00046 00000000
58799 4 3 00046 00000005
58940 0 2 00246 00000000
59004 4 3 00246 00000000
59061 0 1 00137 00000000
59125 4 3 00137 00000004
59141 0 1 00147 00000000
59205 4 3 00147 00000005
59234 0 3 00246 000002A8
59236 0 1 00046 00000000
59300 4 3 00046 00000005
59316 0 1 00047 00000000
59380 4 3 00047 00000005
59507 0 2 00247 00000000
59571 4 3 00247 00000000
59628 0 1 00138 00000000
59692 4 3 00138 00000004
59708 0 1 00148 00000000
59772 4 3 00148 00000005
59815 0 3 00247 000002A8
59817 0 1 00047 00000000
59881 4 3 00047 00000005
59897 0 1 00048 00000000
59961 4 3 00048 00000005
60074 0 2 00248 00000000
60138 4 3 00248 00000000
60195 0 1 00139 00000000
60259 4 3 00139 00000004
60275 0 1 00149 00000000
60339 4 3 00149 00000005
60396 0 3 00248 000002A8
60398 0 1 00048 00000000
60462 4 3 00048 00000005
60478 0 1 00049 00000000
60542 4 3 00049 00000005
60641 0 2 00249 00000000
60705 4 3 00249 00000000
60762 0 1 0013A 00000000
60826 4 3 0013A 00000004
60842 0 1 0014A 00000000
60906 4 3 0014A 00000005
60977 0 3 00249 000002A8
60979 0 1 00049 00000000
61043 4 3 00049 00000005
61059 0 1 0004A 00000000
61123 4 3 0004A 00000005
61208 0 2 0024A 00000000
61272 4 3 0024A 00000000
61329 0 1 0013B 00000000
61393 4 3 0013B 00000004
61409 0 1 0014B 00000000
61473 4 3 0014B 00000005
61558 0 3 0024A 000002A8
61560 0 1 0004A 00000000
61624 4 3 0004A 00000005
61640 0 1 0004B 00000000
61704 4 3 0004B 00000005
61775 0 2 0024B 00000000
61839 4 3 0024B 00000000
61896 0 1 0013C 00000000
61960 4 3 0013C 00000004
61976 0 1 0014C 00000000
62040 4 3 0014C 00000005
62139 0 3 0024B 000002A8
62141 0 1 0004B 00000000
62205 4 3 0004B 00000005
62221 0 1 0004C 00000000
62285 4 3 0004C 00000005
62342 0 2 0024C 00000000
62406 4 3 0024C 00000000
62463 0 1 0013D 00000000
62527 4 3 0013D 00000004
62543 0 1 0014D 00000000
62607 4 3 0014D 00000005
62720 0 3 0024C 000002A8
62722 0 1 0004C 00000000
62786 4 3 0004C 00000005
62802 0 1 0004D 00000000
62866 4 3 0004D 00000005
62909 0 2 0024D 00000000
62973 4 3 0024D 00000000
63030 0 1 0013E 00000000
63094 4 3 0013E 00000004
63110 0 1 0014E 00000000
63174 4 3 0014E 00000005
63301 0 3 0024D 000002A8
63303 0 1 0004D 00000000
63367 4 3 0004D 00000005
63383 0 1 0004E 00000000
63447 4 3 0004E 00000005
63476 0 2 0024E 00000000
63540 4 3 0024E 00000000
63597 0 3 0023F 00000220
63599 0 1 0013F 00000000
63663 4 3 0013F 00000004
63679 0 1 0014F 00000000
63743 4 3 0014F 00000005
63884 0 3 0024E 000002A8
63886 0 1 0004E 00000000
63950 4 3 0004E 00000005
63966 0 1 0004F 00000000
64030 4 3 0004F 00000005
64045 0 2 0024F 00000000
64109 4 3 0024F 00000000
64126 0 1 00050 00000000
64190 4 3 00050 00000006
64206 0 1 00051 00000000
64270 4 3 00051 00000006
64286 0 1 00052 00000000
64350 4 3 00052 00000006
64366 0 1 00053 00000000
64430 4 3 00053 00000006
64446 0 1 00054 00000000
64510 4 3 00054 00000006
64513 0 1 00140 00000000
64577 4 3 00140 00000005
64592 0 1 00055 00000000
64656 4 3 00055 00000006
64659 0 1 00150 00000000
64723 4 3 00150 00000006
64738 0 1 00056 00000000
64802 4 3 00056 00000006
64818 0 1 00057 00000000
64882 4 3 00057 00000006
64898 0 1 00058 00000000
64962 4 3 00058 00000006
64978 0 1 00059 00000000
65042 4 3 00059 00000006
65058 0 1 0005A 00000000
65122 4 3 0005A 00000006
65138 0 1 0005B 00000000
65202 4 3 0005B 00000006
65218 0 1 0005C 00000000
65282 4 3 0005C 00000006
65298 0 1 0005D 00000000
65362 4 3 0005D 00000006
65378 0 1 0005E 00000000
65442 4 3 0005E 00000006
65458 0 1 0005F 00000000
65522 4 3 0005F 00000006
65537 0 2 00250 00000000
65601 4 3 00250 00000000
65615 0 3 00250 00000330
65617 0 1 00050 00000000
65681 4 3 00050 00000006
65740 0 1 00141 00000000
65804 4 3 00141 00000005
65820 0 1 00151 00000000
65884 4 3 00151 00000006
66038 0 2 00251 00000000
66102 4 3 00251 00000000
66130 0 3 00251 00000330
66132 0 1 00051 00000000
66196 4 3 00051 00000006
66241 0 1 00142 00000000
66305 4 3 00142 00000005
66321 0 1 00152 00000000
66385 4 3 00152 00000006
66539 0 2 00252 00000000
66603 4 3 00252 00000000
66645 0 3 00252 00000330
66647 0 1 00052 00000000
66711 4 3 00052 00000006
66742 0 1 00143 00000000
66806 4 3 00143 00000005
66822 0 1 00153 00000000
66886 4 3 00153 00000006
67040 0 2 00253 00000000
67104 4 3 00253 00000000
67160 0 3 00253 00000330
67162 0 1 00053 00000000
67226 4 3 00053 00000006
67243 0 1 00144 00000000
67307 4 3 00144 00000005
67323 0 1 00154 00000000
67387 4 3 00154 00000006
67541 0 2 00254 00000000
67605 4 3 00254 00000000
67675 0 3 00254 00000330
67677 0 1 00054 00000000
67741 4 3 00054 00000006
67744 0 1 00145 00000000
67808 4 3 00145 00000005
67824 0 1 00155 00000000
67888 4 3 00155 00000006
68042 0 2 00255 00000000
68106 4 3 00255 00000000
68177 0 1 00146 00000000
68241 4 3 00146 00000005
68256 0 3 00255 00000330
68258 0 1 00055 00000000
68322 4 3 00055 00000006
68325 0 1 00156 00000000
68389 4 3 00156 00000006
68404 0 1 00056 00000000
68468 4 3 00056 00000006
68609 0 2 00256 00000000
68673 4 3 00256 00000000
68744 0 1 00147 00000000
68808 4 3 00147 00000005
68824 0 1 00157 00000000
68888 4 3 00157 00000006
68903 0 3 00256 00000330
68905 0 1 00056 00000000
68969 4 3 00056 00000006
68985 0 1 00057 00000000
69049 4 3 00057 00000006
69176 0 2 00257 00000000
69240 4 3 00257 00000000
69311 0 1 00148 00000000
69375 4 3 00148 00000005
69391 0 1 00158 00000000
69455 4 3 00158 00000006
69484 0 3 00257 00000330
69486 0 1 00057 00000000
69550 4 3 00057 00000006
69566 0 1 00058 00000000
69630 4 3 00058 00000006
69743 0 2 00258 00000000
69807 4 3 00258 00000000
69878 0 1 00149 00000000
69942 4 3 00149 00000005
69958 0 1 00159 00000000
70022 4 3 00159 00000006
70065 0 3 00258 00000330
70067 0 1 00058 00000000
70131 4 3 00058 00000006
70147 0 1 00059 00000000
70211 4 3 00059 00000006
70310 0 2 00259 00000000
70374 4 3 00259 00000000
70445 0 1 0014A 00000000
70509 4 3 0014A 00000005
70525 0 1 0015A 00000000
70589 4 3 0015A 00000006
70646 0 3 00259 00000330
70648 0 1 00059 00000000
70712 4 3 00059 00000006
70728 0 1 0005A 00000000
70792 4 3 0005A 00000006
70877 0 2 0025A 00000000
70941 4 3 0025A 00000000
71012 0 1 0014B 00000000
71076 4 3 0014B 00000005
71092 0 1 0015B 00000000
71156 4 3 0015B 00000006
71227 0 3 0025A 00000330
71229 0 1 0005A 00000000
71293 4 3 0005A 00000006
71309 0 1 0005B 00000000
71373 4 3 0005B 00000006
71444 0 2 0025B 00000000
71508 4 3 0025B 00000000
71579 0 1 0014C 00000000
71643 4 3 0014C 00000005
71659 0 1 0015C 00000000
71723 4 3 0015C 00000006
71808 0 3 0025B 00000330
71810 0 1 0005B 00000000
71874 4 3 0005B 00000006
71890 0 1 0005C 00000000
71954 4 3 0005C 00000006
72011 0 2 0025C 00000000
72075 4 3 0025C 00000000
72146 0 1 0014D 00000000
72210 4 3 0014D 00000005
72226 0 1 0015D 00000000
72290 4 3 0015D 00000006
72389 0 3 0025C 00000330
72391 0 1 0005C 00000000
72455 4 3 0005C 00000006
72471 0 1 0005D 00000000
72535 4 3 0005D 00000006
72578 0 2 0025D 00000000
72642 4 3 0025D 00000000
72713 0 1 0014E 00000000
72777 4 3 0014E 00000005
72793 0 1 0015E 00000000
72857 4 3 0015E 00000006
72970 0 3 0025D 00000330
72972 0 1 0005D 00000000
73036 4 3 0005D 00000006
73052 0 1 0005E 00000000
73116 4 3 0005E 00000006
73145 0 2 0025E 00000000
73209 4 3 0025E 00000000
73280 0 3 0024F 000002A8
73282 0 1 0014F 00000000
73346 4 3 0014F 00000005
73362 0 1 0015F 00000000
73426 4 3 0015F 00000006
73553 0 3 0025E 00000330
73555 0 1 0005E 00000000
73619 4 3 0005E 00000006
73635 0 1 0005F 00000000
73699 4 3 0005F 00000006
73714 0 2 0025F 00000000
73778 4 3 0025F 00000000
73795 0 1 00060 00000000
73859 4 3 00060 00000007
73875 0 1 00061 00000000
73939 4 3 00061 00000007
73955 0 1 00062 00000000
74019 4 3 00062 00000007
74035 0 1 00063 00000000
74099 4 3 00063 00000007
74115 0 1 00064 00000000
74179 4 3 00064 00000007
74195 0 1 00065 00000000
74259 4 3 00065 00000007
74262 0 1 00150 00000000
74326 4 3 00150 00000006
74341 0 1 00066 00000000
74405 4 3 00066 00000007
74408 0 1 00160 00000000
74472 4 3 00160 00000007
74487 0 1 00067 00000000
74551 4 3 00067 00000007
74567 0 1 00068 00000000
74631 4 3 00068 00000007
74647 0 1 00069 00000000
74711 4 3 00069 00000007
74727 0 1 0006A 00000000
74791 4 3 0006A 00000007
74807 0 1 0006B 00000000
74871 4 3 0006B 00000007
74887 0 1 0006C 00000000
74951 4 3 0006C 00000007
74967 0 1 0006D 00000000
75031 4 3 0006D 00000007
75047 0 1 0006E 00000000
75111 4 3 0006E 00000007
75127 0 1 0006F 00000000
75191 4 3 0006F 00000007
75206 0 2 00260 00000000
75270 4 3 00260 00000000
75284 0 3 00260 000003B8
75286 0 1 00060 00000000
75350 4 3 00060 00000007
75423 0 1 00151 00000000
75487 4 3 00151 00000006
75503 0 1 00161 00000000
75567 4 3 00161 00000007
75707 0 2 00261 00000000
75771 4 3 00261 00000000
75799 0 3 00261 000003B8
75801 0 1 00061 00000000
75865 4 3 00061 00000007
75924 0 1 00152 00000000
75988 4 3 00152 00000006
76004 0 1 00162 00000000
76068 4 3 00162 00000007
76208 0 2 00262 00000000
76272 4 3 00262 00000000
76314 0 3 00262 000003B8
76316 0 1 00062 00000000
76380 4 3 00062 00000007
76425 0 1 00153 00000000
76489 4 3 00153 00000006
76505 0 1 00163 00000000
76569 4 3 00163 00000007
76709 0 2 00263 00000000
76773 4 3 00263 00000000
76829 0 3 00263 000003B8
76831 0 1 00063 00000000
76895 4 3 00063 00000007
76926 0 1 00154 00000000
76990 4 3 00154 00000006
77006 0 1 00164 00000000
77070 4 3 00164 00000007
77210 0 2 00264 00000000
77274 4 3 00264 00000000
77344 0 3 00264 000003B8
77346 0 1 00064 00000000
77410 4 3 00064 00000007
77427 0 1 00155 00000000
77491 4 3 00155 00000006
77507 0 1 00165 00000000
77571 4 3 00165 00000007
77711 0 2 00265 00000000
77775 4 3 00265 00000000
77859 0 3 00265 000003B8
77861 0 1 00065 00000000
77925 4 3 00065 00000007
77928 0 1 00156 00000000
77992 4 3 00156 00000006
78008 0 1 00166 00000000
78072 4 3 00166 00000007
78212 0 2 00266 00000000
78276 4 3 00266 00000000
78361 0 1 00157 00000000
78425 4 3 00157 00000006
78440 0 3 00266 000003B8
78442 0 1 00066 00000000
78506 4 3 00066 00000007
78509 0 1 00167 00000000
78573 4 3 00167 00000007
78588 0 1 00067 00000000
78652 4 3 00067 00000007
78779 0 2 00267 00000000
78843 4 3 00267 00000000
78928 0 1 00158 00000000
78992 4 3 00158 00000006
79008 0 1 00168 00000000
79072 4 3 00168 00000007
79087 0 3 00267 000003B8
79089 0 1 00067 00000000
79153 4 3 00067 00000007
79169 0 1 00068 00000000
79233 4 3 00068 00000007
79346 0 2 00268 00000000
79410 4 3 00268 00000000
79495 0 1 00159 00000000
79559 4 3 00159 00000006
79575 0 1 00169 00000000
79639 4 3 00169 00000007
79668 0 3 00268 000003B8
79670 0 1 00068 00000000
79734 4 3 00068 00000007
79750 0 1 00069 00000000
79814 4 3 00069 00000007
79913 0 2 00269 00000000
79977 4 3 00269 00000000
80062 0 1 0015A 00000000
80126 4 3 0015A 00000006
80142 0 1 0016A 00000000
80206 4 3 0016A 00000007
80249 0 3 00269 000003B8
80251 0 1 00069 00000000
80315 4 3 00069 00000007
80331 0 1 0006A 00000000
80395 4 3 0006A 00000007
80480 0 2 0026A 00000000
80544 4 3 0026A 00000000
80629 0 1 0015B 00000000
80693 4 3 0015B 00000006
80709 0 1 0016B 00000000
80773 4 3 0016B 00000007
80830 0 3 0026A 000003B8
80832 0 1 0006A 00000000
80896 4 3 0006A 00000007
80912 0 1 0006B 00000000
80976 4 3 0006B 00000007
81047 0 2 0026B 00000000
81111 4 3 0026B 00000000
81196 0 1 0015C 00000000
81260 4 3 0015C 00000006
81276 0 1 0016C 00000000
81340 4 3 0016C 00000007
81411 0 3 0026B 000003B8
81413 0 1 0006B 00000000
81477 4 3 0006B 00000007
81493 0 1 0006C 00000000
81557 4 3 0006C 00000007
81614 0 2 0026C 00000000
81678 4 3 0026C 00000000
81763 0 1 0015D 00000000
81827 4 3 0015D 00000006
81843 0 1 0016D 00000000
81907 4 3 0016D 00000007
81992 0 3 0026C 000003B8
81994 0 1 0006C 00000000
82058 4 3 0006C 00000007
82074 0 1 0006D 00000000
82138 4 3 0006D 00000007
82181 0 2 0026D 00000000
82245 4 3 0026D 00000000
82330 0 1 0015E 00000000
82394 4 3 0015E 00000006
82410 0 1 0016E 00000000
82474 4 3 0016E 00000007
82573 0 3 0026D 000003B8
82575 0 1 0006D 00000000
82639 4 3 0006D 00000007
82655 0 1 0006E 00000000
82719 4 3 0006E 00000007
82748 0 2 0026E 00000000
82812 4 3 0026E 00000000
82897 0 3 0025F 00000330
82899 0 1 0015F 00000000
82963 4 3 0015F 00000006
82979 0 1 0016F 00000000
83043 4 3 0016F 00000007
83156 0 3 0026E 000003B8
83158 0 1 0006E 00000000
83222 4 3 0006E 00000007
83238 0 1 0006F 00000000
83302 4 3 0006F 00000007
83317 0 2 0026F 00000000
83381 4 3 0026F 00000000
83398 0 1 00070 00000000
83462 4 3 00070 00000008
83478 0 1 00071 00000000
83542 4 3 00071 00000008
83558 0 1 00072 00000000
83622 4 3 00072 00000008
83638 0 1 00073 00000000
83702 4 3 00073 00000008
83718 0 1 00074 00000000
83782 4 3 00074 00000008
83798 0 1 00075 00000000
83862 4 3 00075 00000008
83878 0 1 00076 00000000
83942 4 3 00076 00000008
83945 0 1 00160 00000000
84009 4 3 00160 00000007
84024 0 1 00077 00000000
84088 4 3 00077 00000008
84091 0 1 00170 00000000
84155 4 3 00170 00000008
84170 0 1 00078 00000000
84234 4 3 00078 00000008
84250 0 1 00079 00000000
84314 4 3 00079 00000008
84330 0 1 0007A 00000000
84394 4 3 0007A 00000008
84410 0 1 0007B 00000000
84474 4 3 0007B 00000008
84490 0 1 0007C 00000000
84554 4 3 0007C 00000008
84570 0 1 0007D 00000000
84634 4 3 0007D 00000008
84650 0 1 0007E 00000000
84714 4 3 0007E 00000008
84730 0 1 0007F 00000000
84794 4 3 0007F 00000008
84809 0 2 00270 00000000
84873 4 3 00270 00000000
84887 0 3 00270 00000440
84889 0 1 00070 00000000
84953 4 3 00070 00000008
85040 0 1 00161 00000000
85104 4 3 00161 00000007
85120 0 1 00171 00000000
85184 4 3 00171 00000008
85310 0 2 00271 00000000
85374 4 3 00271 00000000
85402 0 3 00271 00000440
85404 0 1 00071 00000000
85468 4 3 00071 00000008
85541 0 1 00162 00000000
85605 4 3 00162 00000007
85621 0 1 00172 00000000
85685 4 3 00172 00000008
85811 0 2 00272 00000000
85875 4 3 00272 00000000
85917 0 3 00272 00000440
85919 0 1 00072 00000000
85983 4 3 00072 00000008
86042 0 1 00163 00000000
86106 4 3 00163 00000007
86122 0 1 00173 00000000
86186 4 3 00173 00000008
86312 0 2 00273 00000000
86376 4 3 00273 00000000
86432 0 3 00273 00000440
86434 0 1 00073 00000000
86498 4 3 00073 00000008
86543 0 1 00164 00000000
86607 4 3 00164 00000007
86623 0 1 00174 00000000
86687 4 3 00174 00000008
86813 0 2 00274 00000000
86877 4 3 00274 00000000
86947 0 3 00274 00000440
86949 0 1 00074 00000000
87013 4 3 00074 00000008
87044 0 1 00165 00000000
87108 4 3 00165 00000007
87124 0 1 00175 00000000
87188 4 3 00175 00000008
87314 0 2 00275 00000000
87378 4 3 00275 00000000
87462 0 3 00275 00000440
87464 0 1 00075 00000000
87528 4 3 00075 00000008
87545 0 1 00166 00000000
87609 4 3 00166 00000007
87625 0 1 00176 00000000
87689 4 3 00176 00000008
87815 0 2 00276 00000000
87879 4 3 00276 00000000
87977 0 3 00276 00000440
87979 0 1 00076 00000000
88043 4 3 00076 00000008
88046 0 1 00167 00000000
88110 4 3 00167 00000007
88126 0 1 00177 00000000
88190 4 3 00177 00000008
88316 0 2 00277 00000000
88380 4 3 00277 00000000
88479 0 1 00168 00000000
88543 4 3 00168 00000007
88558 0 3 00277 00000440
88560 0 1 00077 00000000
88624 4 3 00077 00000008
88627 0 1 00178 00000000
88691 4 3 00178 00000008
88706 0 1 00078 00000000
88770 4 3 00078 00000008
88883 0 2 00278 00000000
88947 4 3 00278 00000000
89046 0 1 00169 00000000
89110 4 3 00169 00000007
89126 0 1 00179 00000000
89190 4 3 00179 00000008
89205 0 3 00278 00000440
89207 0 1 00078 00000000
89271 4 3 00078 00000008
89287 0 1 00079 00000000
89351 4 3 00079 00000008
89450 0 2 00279 00000000
89514 4 3 00279 00000000
89613 0 1 0016A 00000000
89677 4 3 0016A 00000007
89693 0 1 0017A 00000000
89757 4 3 0017A 00000008
89786 0 3 00279 00000440
89788 0 1 00079 00000000
89852 4 3 00079 00000008
89868 0 1 0007A 00000000
89932 4 3 0007A 00000008
90017 0 2 0027A 00000000
90081 4 3 0027A 00000000
90180 0 1 0016B 00000000
90244 4 3 0016B 00000007
90260 0 1 0017B 00000000
90324 4 3 0017B 00000008
90367 0 3 0027A 00000440
90369 0 1 0007A 00000000
90433 4 3 0007A 00000008
90449 0 1 0007B 00000000
90513 4 3 0007B 00000008
90584 0 2 0027B 00000000
90648 4 3 0027B 00000000
90747 0 1 0016C 00000000
90811 4 3 0016C 00000007
90827 0 1 0017C 00000000
90891 4 3 0017C 00000008
90948 0 3 0027B 00000440
90950 0 1 0007B 00000000
91014 4 3 0007B 00000008
91030 0 1 0007C 00000000
91094 4 3 0007C 00000008
91151 0 2 0027C 00000000
91215 4 3 0027C 00000000
91314 0 1 0016D 00000000
91378 4 3 0016D 00000007
91394 0 1 0017D 00000000
91458 4 3 0017D 00000008
91529 0 3 0027C 00000440
91531 0 1 0007C 00000000
91595 4 3 0007C 00000008
91611 0 1 0007D 00000000
91675 4 3 0007D 00000008
91718 0 2 0027D 00000000
91782 4 3 0027D 00000000
91881 0 1 0016E 00000000
91945 4 3 0016E 00000007
91961 0 1 0017E 00000000
92025 4 3 0017E 00000008
92110 0 3 0027D 00000440
92112 0 1 0007D 00000000
92176 4 3 0007D 00000008
92192 0 1 0007E 00000000
92256 4 3 0007E 00000008
92285 0 2 0027E 00000000
92349 4 3 0027E 00000000
92448 0 3 0026F 000003B8
92450 0 1 0016F 00000000
92514 4 3 0016F 00000007
92530 0 1 0017F 00000000
92594 4 3 0017F 00000008
92693 0 3 0027E 00000440
92695 0 1 0007E 00000000
92759 4 3 0007E 00000008
92775 0 1 0007F 00000000
92839 4 3 0007F 00000008
92854 0 2 0027F 00000000
92918 4 3 0027F 00000000
92935 0 1 00080 00000000
92999 4 3 00080 00000009
93015 0 1 00081 00000000
93079 4 3 00081 00000009
93095 0 1 00082 00000000
93159 4 3 00082 00000009
93175 0 1 00083 00000000
93239 4 3 00083 00000009
93255 0 1 00084 00000000
93319 4 3 00084 00000009
93335 0 1 00085 00000000
93399 4 3 00085 00000009
93415 0 1 00086 00000000
93479 4 3 00086 00000009
93495 0 1 00087 00000000
93559 4 3 00087 00000009
93562 0 1 00170 00000000
93626 4 3 00170 00000008
93641 0 1 00088 00000000
93705 4 3 00088 00000009
93708 0 1 00180 00000000
93772 4 3 00180 00000009
93787 0 1 00089 00000000
93851 4 3 00089 00000009
93867 0 1 0008A 00000000
93931 4 3 0008A 00000009
93947 0 1 0008B 00000000
94011 4 3 0008B 00000009
94027 0 1 0008C 00000000
94091 4 3 0008C 00000009
94107 0 1 0008D 00000000
94171 4 3 0008D 00000009
94187 0 1 0008E 00000000
94251 4 3 0008E 00000009
94267 0 1 0008F 00000000
94331 4 3 0008F 00000009
94346 0 2 00280 00000000
94410 4 3 00280 00000000
94424 0 3 00280 000004C8
94426 0 1 00080 00000000
94490 4 3 00080 00000009
94591 0 1 00171 00000000
94655 4 3 00171 00000008
94671 0 1 00181 00000000
94735 4 3 00181 00000009
94847 0 2 00281 00000000
94911 4 3 00281 00000000
94939 0 3 00281 000004C8
94941 0 1 00081 00000000
95005 4 3 00081 00000009
95092 0 1 00172 00000000
95156 4 3 00172 00000008
95172 0 1 00182 00000000
95236 4 3 00182 00000009
95348 0 2 00282 00000000
95412 4 3 00282 00000000
95454 0 3 00282 000004C8
95456 0 1 00082 00000000
95520 4 3 00082 00000009
95593 0 1 00173 00000000
95657 4 3 00173 00000008
95673 0 1 00183 00000000
95737 4 3 00183 00000009
95849 0 2 00283 00000000
95913 4 3 00283 00000000
95969 0 3 00283 000004C8
95971 0 1 00083 00000000
96035 4 3 00083 00000009
96094 0 1 00174 00000000
96158 4 3 00174 00000008
96174 0 1 00184 00000000
96238 4 3 00184 00000009
96350 0 2 00284 00000000
96414 4 3 00284 00000000
96484 0 3 00284 000004C8
96486 0 1 00084 00000000
96550 4 3 00084 00000009
96595 0 1 00175 00000000
96659 4 3 00175 00000008
96675 0 1 00185 00000000
96739 4 3 00185 00000009
96851 0 2 00285 00000000
96915 4 3 00285 00000000
96999 0 3 00285 000004C8
97001 0 1 00085 00000000
97065 4 3 00085 00000009
97096 0 1 00176 00000000
97160 4 3 00176 00000008
97176 0 1 00186 00000000
97240 4 3 00186 00000009
97352 0 2 00286 00000000
97416 4 3 00286 00000000
97514 0 3 00286 000004C8
97516 0 1 00086 00000000
97580 4 3 00086 00000009
97597 0 1 00177 00000000
97661 4 3 00177 00000008
97677 0 1 00187 00000000
97741 4 3 00187 00000009
97853 0 2 00287 00000000
97917 4 3 00287 00000000
98029 0 3 00287 000004C8
98031 0 1 00087 00000000
98095 4 3 00087 00000009
98098 0 1 00178 00000000
98162 4 3 00178 00000008
98178 0 1 00188 00000000
98242 4 3 00188 00000009
98354 0 2 00288 00000000
98418 4 3 00288 00000000
98531 0 1 00179 00000000
98595 4 3 00179 00000008
98610 0 3 00288 000004C8
98612 0 1 00088 00000000
98676 4 3 00088 00000009
98679 0 1 00189 00000000
98743 4 3 00189 00000009
98758 0 1 00089 00000000
98822 4 3 00089 00000009
98921 0 2 00289 00000000
98985 4 3 00289 00000000
99098 0 1 0017A 00000000
99162 4 3 0017A 00000008
99178 0 1 0018A 00000000
99242 4 3 0018A 00000009
99257 0 3 00289 000004C8
99259 0 1 00089 00000000
99323 4 3 00089 00000009
99339 0 1 0008A 00000000
99403 4 3 0008A 00000009
99488 0 2 0028A 00000000
99552 4 3 0028A 00000000
99665 0 1 0017B 00000000
99729 4 3 0017B 00000008
99745 0 1 0018B 00000000
99809 4 3 0018B 00000009
99838 0 3 0028A 000004C8
99840 0 1 0008A 00000000
99904 4 3 0008A 00000009
99920 0 1 0008B 00000000
99984 4 3 0008B 00000009
100055 0 2 0028B 00000000
100119 4 3 0028B 00000000
100232 0 1 0017C 00000000
100296 4 3 0017C 00000008
100312 0 1 0018C 00000000
100376 4 3 0018C 00000009
100419 0 3 0028B 000004C8
100421 0 1 0008B 00000000
100485 4 3 0008B 00000009
100501 0 1 0008C 00000000
100565 4 3 0008C 00000009
100622 0 2 0028C 00000000
100686 4 3 0028C 00000000
100799 0 1 0017D 00000000
100863 4 3 0017D 00000008
100879 0 1 0018D 00000000
100943 4 3 0018D 00000009
101000 0 3 0028C 000004C8
101002 0 1 0008C 00000000
101066 4 3 0008C 00000009
101082 0 1 0008D 00000000
101146 4 3 0008D 00000009
101189 0 2 0028D 00000000
101253 4 3 0028D 00000000
101366 0 1 0017E 00000000
101430 4 3 0017E 00000008
101446 0 1 0018E 00000000
101510 4 3 0018E 00000009
101581 0 3 0028D 000004C8
101583 0 1 0008D 00000000
101647 4 3 0008D 00000009
101663 0 1 0008E 00000000
101727 4 3 0008E 00000009
101756 0 2 0028E 00000000
101820 4 3 0028E 00000000
101933 0 3 0027F 00000440
101935 0 1 0017F 00000000
101999 4 3 0017F 00000008
102015 0 1 0018F 00000000
102079 4 3 0018F 00000009
102164 0 3 0028E 000004C8
102166 0 1 0008E 00000000
102230 4 3 0008E 00000009
102246 0 1 0008F 00000000
102310 4 3 0008F 00000009
102325 0 2 0028F 00000000
102389 4 3 0028F 00000000
102406 0 1 00090 00000000
102470 4 3 00090 0000000A
102486 0 1 00091 00000000
102550 4 3 00091 0000000A
102566 0 1 00092 00000000
102630 4 3 00092 0000000A
102646 0 1 00093 00000000
102710 4 3 00093 0000000A
102726 0 1 00094 00000000
102790 4 3 00094 0000000A
102806 0 1 00095 00000000
102870 4 3 00095 0000000A
102886 0 1 00096 00000000
102950 4 3 00096 0000000A
102966 0 1 00097 00000000
103030 4 3 00097 0000000A
103046 0 1 00098 00000000
103110 4 3 00098 0000000A
103113 0 1 00180 00000000
103177 4 3 00180 00000009
103192 0 1 00099 00000000
103256 4 3 00099 0000000A
103259 0 1 00190 00000000
103323 4 3 00190 0000000A
103338 0 1 0009A 00000000
103402 4 3 0009A 0000000A
103418 0 1 0009B 00000000
103482 4 3 0009B 0000000A
103498 0 1 0009C 00000000
103562 4 3 0009C 0000000A
103578 0 1 0009D 00000000
103642 4 3 0009D 0000000A
103658 0 1 0009E 00000000
103722 4 3 0009E 0000000A
103738 0 1 0009F 00000000
103802 4 3 0009F 0000000A
103817 0 2 00290 00000000
103881 4 3 00290 00000000
103895 0 3 00290 00000550
103897 0 1 00090 00000000
103961 4 3 00090 0000000A
104076 0 1 00181 00000000
104140 4 3 00181 00000009
104156 0 1 00191 00000000
104220 4 3 00191 0000000A
104318 0 2 00291 00000000
104382 4 3 00291 00000000
104410 0 3 00291 00000550
104412 0 1 00091 00000000
104476 4 3 00091 0000000A
104577 0 1 00182 00000000
104641 4 3 00182 00000009
104657 0 1 00192 00000000
104721 4 3 00192 0000000A
104819 0 2 00292 00000000
104883 4 3 00292 00000000
104925 0 3 00292 00000550
104927 0 1 00092 00000000
104991 4 3 00092 0000000A
105078 0 1 00183 00000000
105142 4 3 00183 00000009
105158 0 1 00193 00000000
105222 4 3 00193 0000000A
105320 0 2 00293 00000000
105384 4 3 00293 00000000
105440 0 3 00293 00000550
105442 0 1 00093 00000000
105506 4 3 00093 0000000A
105579 0 1 00184 00000000
105643 4 3 00184 00000009
105659 0 1 00194 00000000
105723 4 3 00194 0000000A
105821 0 2 00294 00000000
105885 4 3 00294 00000000
105955 0 3 00294 00000550
105957 0 1 00094 00000000
106021 4 3 00094 0000000A
106080 0 1 00185 00000000
106144 4 3 00185 00000009
106160 0 1 00195 00000000
106224 4 3 00195 0000000A
106322 0 2 00295 00000000
106386 4 3 00295 00000000
106470 0 3 00295 00000550
106472 0 1 00095 00000000
106536 4 3 00095 0000000A
106581 0 1 00186 00000000
106645 4 3 00186 00000009
106661 0 1 00196 00000000
106725 4 3 00196 0000000A
106823 0 2 00296 00000000
106887 4 3 00296 00000000
106985 0 3 00296 00000550
106987 0 1 00096 00000000
107051 4 3 00096 0000000A
107082 0 1 00187 00000000
107146 4 3 00187 00000009
107162 0 1 00197 00000000
107226 4 3 00197 0000000A
107324 0 2 00297 00000000
107388 4 3 00297 00000000
107500 0 3 00297 00000550
107502 0 1 00097 00000000
107566 4 3 00097 0000000A
107583 0 1 00188 00000000
107647 4 3 00188 00000009
107663 0 1 00198 00000000
107727 4 3 00198 0000000A
107825 0 2 00298 00000000
107889 4 3 00298 00000000
108015 0 3 00298 00000550
108017 0 1 00098 00000000
108081 4 3 00098 0000000A
108084 0 1 00189 00000000
108148 4 3 00189 00000009
108164 0 1 00199 00000000
108228 4 3 00199 0000000A
108326 0 2 00299 00000000
108390 4 3 00299 00000000
108517 0 1 0018A 00000000
108581 4 3 0018A 00000009
108596 0 3 00299 00000550
108598 0 1 00099 00000000
108662 4 3 00099 0000000A
108665 0 1 0019A 00000000
108729 4 3 0019A 0000000A
108744 0 1 0009A 00000000
108808 4 3 0009A 0000000A
108893 0 2 0029A 00000000
108957 4 3 0029A 00000000
109084 0 1 0018B 00000000
109148 4 3 0018B 00000009
109164 0 1 0019B 00000000
109228 4 3 0019B 0000000A
109243 0 3 0029A 00000550
109245 0 1 0009A 00000000
109309 4 3 0009A 0000000A
109325 0 1 0009B 00000000
109389 4 3 0009B 0000000A
109460 0 2 0029B 00000000
109524 4 3 0029B 00000000
109651 0 1 0018C 00000000
109715 4 3 0018C 00000009
109731 0 1 0019C 00000000
109795 4 3 0019C 0000000A
109824 0 3 0029B 00000550
109826 0 1 0009B 00000000
109890 4 3 0009B 0000000A
109906 0 1 0009C 00000000
109970 4 3 0009C 0000000A
110027 0 2 0029C 00000000
110091 4 3 0029C 00000000
110218 0 1 0018D 00000000
110282 4 3 0018D 00000009
110298 0 1 0019D 00000000
110362 4 3 0019D 0000000A
110405 0 3 0029C 00000550
110407 0 1 0009C 00000000
110471 4 3 0009C 0000000A
110487 0 1 0009D 00000000
110551 4 3 0009D 0000000A
110594 0 2 0029D 00000000
110658 4 3 0029D 00000000
110785 0 1 0018E 00000000
110849 4 3 0018E 00000009
110865 0 1 0019E 00000000
110929 4 3 0019E 0000000A
110986 0 3 0029D 00000550
110988 0 1 0009D 00000000
111052 4 3 0009D 0000000A
111068 0 1 0009E 00000000
111132 4 3 0009E 0000000A
111161 0 2 0029E 00000000
111225 4 3 0029E 00000000
111352 0 3 0028F 000004C8
111354 0 1 0018F 00000000
111418 4 3 0018F 00000009
111434 0 1 0019F 00000000
111498 4 3 0019F 0000000A
111569 0 3 0029E 00000550
111571 0 1 0009E 00000000
111635 4 3 0009E 0000000A
111651 0 1 0009F 00000000
111715 4 3 0009F 0000000A
111730 0 2 0029F 00000000
111794 4 3 0029F 00000000
111811 0 1 000A0 00000000
111875 4 3 000A0 0000000B
111891 0 1 000A1 00000000
111955 4 3 000A1 0000000B
111971 0 1 000A2 00000000
112035 4 3 000A2 0000000B
112051 0 1 000A3 00000000
112115 4 3 000A3 0000000B
112131 0 1 000A4 00000000
112195 4 3 000A4 0000000B
112211 0 1 000A5 00000000
112275 4 3 000A5 0000000B
112291 0 1 000A6 00000000
112355 4 3 000A6 0000000B
112371 0 1 000A7 00000000
112435 4 3 000A7 0000000B
112451 0 1 000A8 00000000
112515 4 3 000A8 0000000B
112531 0 1 000A9 00000000
112595 4 3 000A9 0000000B
112598 0 1 00190 00000000
112662 4 3 00190 0000000A
112677 0 1 000AA 00000000
112741 4 3 000AA 0000000B
112744 0 1 001A0 00000000
112808 4 3 001A0 0000000B
112823 0 1 000AB 00000000
112887 4 3 000AB 0000000B
112903 0 1 000AC 00000000
112967 4 3 000AC 0000000B
112983 0 1 000AD 00000000
113047 4 3 000AD 0000000B
113063 0 1 000AE 00000000
113127 4 3 000AE 0000000B
113143 0 1 000AF 00000000
113207 4 3 000AF 0000000B
113222 0 2 002A0 00000000
113286 4 3 002A0 00000000
113300 0 3 002A0 000005D8
113302 0 1 000A0 00000000
113366 4 3 000A0 0000000B
113495 0 1 00191 00000000
113559 4 3 00191 0000000A
113575 0 1 001A1 00000000
113639 4 3 001A1 0000000B
113723 0 2 002A1 00000000
113787 4 3 002A1 00000000
113815 0 3 002A1 000005D8
113817 0 1 000A1 00000000
113881 4 3 000A1 0000000B
113996 0 1 00192 00000000
114060 4 3 00192 0000000A
114076 0 1 001A2 00000000
114140 4 3 001A2 0000000B
114224 0 2 002A2 00000000
114288 4 3 002A2 00000000
114330 0 3 002A2 000005D8
114332 0 1 000A2 00000000
114396 4 3 000A2 0000000B
114497 0 1 00193 00000000
114561 4 3 00193 0000000A
114577 0 1 001A3 00000000
114641 4 3 001A3 0000000B
114725 0 2 002A3 00000000
114789 4 3 002A3 00000000
114845 0 3 002A3 000005D8
114847 0 1 000A3 00000000
114911 4 3 000A3 0000000B
114998 0 1 00194 00000000
115062 4 3 00194 0000000A
115078 0 1 001A4 00000000
115142 4 3 001A4 0000000B
115226 0 2 002A4 00000000
115290 4 3 002A4 00000000
115360 0 3 002A4 000005D8
115362 0 1 000A4 00000000
115426 4 3 000A4 0000000B
115499 0 1 00195 00000000
115563 4 3 00195 0000000A
115579 0 1 001A5 00000000
115643 4 3 001A5 0000000B
115727 0 2 002A5 00000000
115791 4 3 002A5 00000000
115875 0 3 002A5 000005D8
115877 0 1 000A5 00000000
115941 4 3 000A5 0000000B
116000 0 1 00196 00000000
116064 4 3 00196 0000000A
116080 0 1 001A6 00000000
116144 4 3 001A6 0000000B
116228 0 2 002A6 00000000
116292 4 3 002A6 00000000
116390 0 3 002A6 000005D8
116392 0 1 000A6 00000000
116456 4 3 000A6 0000000B
116501 0 1 00197 00000000
116565 4 3 00197 0000000A
116581 0 1 001A7 00000000
116645 4 3 001A7 0000000B
116729 0 2 002A7 00000000
116793 4 3 002A7 00000000
116905 0 3 002A7 000005D8
116907 0 1 000A7 00000000
116971 4 3 000A7 0000000B
117002 0 1 00198 00000000
117066 4 3 00198 0000000A
117082 0 1 001A8 00000000
117146 4 3 001A8 0000000B
117230 0 2 002A8 00000000
117294 4 3 002A8 00000000
117420 0 3 002A8 000005D8
117422 0 1 000A8 00000000
117486 4 3 000A8 0000000B
117503 0 1 00199 00000000
117567 4 3 00199 0000000A
117583 0 1 001A9 00000000
117647 4 3 001A9 0000000B
117731 0 2 002A9 00000000
117795 4 3 002A9 00000000
117935 0 3 002A9 000005D8
117937 0 1 000A9 00000000
118001 4 3 000A9 0000000B
118004 0 1 0019A 00000000
118068 4 3 0019A 0000000A
118084 0 1 001AA 00000000
118148 4 3 001AA 0000000B
118232 0 2 002AA 00000000
118296 4 3 002AA 00000000
118437 0 1 0019B 00000000
118501 4 3 0019B 0000000A
118516 0 3 002AA 000005D8
118518 0 1 000AA 00000000
118582 4 3 000AA 0000000B
118585 0 1 001AB 00000000
118649 4 3 001AB 0000000B
118664 0 1 000AB 00000000
118728 4 3 000AB 0000000B
118799 0 2 002AB 00000000
118863 4 3 002AB 00000000
119004 0 1 0019C 00000000
119068 4 3 0019C 0000000A
119084 0 1 001AC 00000000
119148 4 3 001AC 0000000B
119163 0 3 002AB 000005D8
119165 0 1 000AB 00000000
119229 4 3 000AB 0000000B
119245 0 1 000AC 00000000
119309 4 3 000AC 0000000B
119366 0 2 002AC 00000000
119430 4 3 002AC 00000000
119571 0 1 0019D 00000000
119635 4 3 0019D 0000000A
119651 0 1 001AD 00000000
119715 4 3 001AD 0000000B
119744 0 3 002AC 000005D8
119746 0 1 000AC 00000000
119810 4 3 000AC 0000000B
119826 0 1 000AD 00000000
119890 4 3 000AD 0000000B
119933 0 2 002AD 00000000
119997 4 3 002AD 00000000
120138 0 1 0019E 00000000
120202 4 3 0019E 0000000A
120218 0 1 001AE 00000000
120282 4 3 001AE 0000000B
120325 0 3 002AD 000005D8
120327 0 1 000AD 00000000
120391 4 3 000AD 0000000B
120407 0 1 000AE 00000000
120471 4 3 000AE 0000000B
120500 0 2 002AE 00000000
120564 4 3 002AE 00000000
120705 0 3 0029F 00000550
120707 0 1 0019F 00000000
120771 4 3 0019F 0000000A
120787 0 1 001AF 00000000
120851 4 3 001AF 0000000B
120908 0 3 002AE 000005D8
120910 0 1 000AE 00000000
120974 4 3 000AE 0000000B
120990 0 1 000AF 00000000
121054 4 3 000AF 0000000B
121069 0 2 002AF 00000000
121133 4 3 002AF 00000000
121150 0 1 000B0 00000000
121214 4 3 000B0 0000000C
121230 0 1 000B1 00000000
121294 4 3 000B1 0000000C
121310 0 1 000B2 00000000
121374 4 3 000B2 0000000C
121390 0 1 000B3 00000000
121454 4 3 000B3 0000000C
121470 0 1 000B4 00000000
121534 4 3 000B4 0000000C
121550 0 1 000B5 00000000
121614 4 3 000B5 0000000C
121630 0 1 000B6 00000000
121694 4 3 000B6 0000000C
121710 0 1 000B7 00000000
121774 4 3 000B7 0000000C
121790 0 1 000B8 00000000
121854 4 3 000B8 0000000C
121870 0 1 000B9 00000000
121934 4 3 000B9 0000000C
121950 0 1 000BA 00000000
122014 4 3 000BA 0000000C
122017 0 1 001A0 00000000
122081 4 3 001A0 0000000B
122096 0 1 000BB 00000000
122160 4 3 000BB 0000000C
122163 0 1 001B0 00000000
122227 4 3 001B0 0000000C
122242 0 1 000BC 00000000
122306 4 3 000BC 0000000C
122322 0 1 000BD 00000000
122386 4 3 000BD 0000000C
122402 0 1 000BE 00000000
122466 4 3 000BE 0000000C
122482 0 1 000BF 00000000
122546 4 3 000BF 0000000C
122561 0 2 002B0 00000000
122625 4 3 002B0 00000000
122639 0 3 002B0 00000660
122641 0 1 000B0 00000000
122705 4 3 000B0 0000000C
122848 0 1 001A1 00000000
122912 4 3 001A1 0000000B
122928 0 1 001B1 00000000
122992 4 3 001B1 0000000C
123062 0 2 002B1 00000000
123126 4 3 002B1 00000000
123154 0 3 002B1 00000660
123156 0 1 000B1 00000000
123220 4 3 000B1 0000000C
123349 0 1 001A2 00000000
123413 4 3 001A2 0000000B
123429 0 1 001B2 00000000
123493 4 3 001B2 0000000C
123563 0 2 002B2 00000000
123627 4 3 002B2 00000000
123669 0 3 002B2 00000660
123671 0 1 000B2 00000000
123735 4 3 000B2 0000000C
123850 0 1 001A3 00000000
123914 4 3 001A3 0000000B
123930 0 1 001B3 00000000
123994 4 3 001B3 0000000C
124064 0 2 002B3 00000000
124128 4 3 002B3 00000000
124184 0 3 002B3 00000660
124186 0 1 000B3 00000000
124250 4 3 000B3 0000000C
124351 0 1 001A4 00000000
124415 4 3 001A4 0000000B
124431 0 1 001B4 00000000
124495 4 3 001B4 0000000C
124565 0 2 002B4 00000000
124629 4 3 002B4 00000000
124699 0 3 002B4 00000660
124701 0 1 000B4 00000000
124765 4 3 000B4 0000000C
124852 0 1 001A5 00000000
124916 4 3 001A5 0000000B
124932 0 1 001B5 00000000
124996 4 3 001B5 0000000C
125066 0 2 002B5 00000000
125130 4 3 002B5 00000000
125214 0 3 002B5 00000660
125216 0 1 000B5 00000000
125280 4 3 000B5 0000000C
125353 0 1 001A6 00000000
125417 4 3 001A6 0000000B
125433 0 1 001B6 00000000
125497 4 3 001B6 0000000C
125567 0 2 002B6 00000000
125631 4 3 002B6 00000000
125729 0 3 002B6 00000660
125731 0 1 000B6 00000000
125795 4 3 000B6 0000000C
125854 0 1 001A7 00000000
125918 4 3 001A7 0000000B
125934 0 1 001B7 00000000
125998 4 3 001B7 0000000C
126068 0 2 002B7 00000000
126132 4 3 002B7 00000000
126244 0 3 002B7 00000660
126246 0 1 000B7 00000000
126310 4 3 000B7 0000000C
126355 0 1 001A8 00000000
126419 4 3 001A8 0000000B
126435 0 1 001B8 00000000
126499 4 3 001B8 0000000C
126569 0 2 002B8 00000000
126633 4 3 002B8 00000000
126759 0 3 002B8 00000660
126761 0 1 000B8 00000000
126825 4 3 000B8 0000000C
126856 0 1 001A9 00000000
126920 4 3 001A9 0000000B
126936 0 1 001B9 00000000
127000 4 3 001B9 0000000C
127070 0 2 002B9 00000000
127134 4 3 002B9 00000000
127274 0 3 002B9 00000660
127276 0 1 000B9 00000000
127340 4 3 000B9 0000000C
127357 0 1 001AA 00000000
127421 4 3 001AA 0000000B
127437 0 1 001BA 00000000
127501 4 3 001BA 0000000C
127571 0 2 002BA 00000000
127635 4 3 002BA 00000000
127789 0 3 002BA 00000660
127791 0 1 000BA 00000000
127855 4 3 000BA 0000000C
127858 0 1 001AB 00000000
127922 4 3 001AB 0000000B
127938 0 1 001BB 00000000
128002 4 3 001BB 0000000C
128072 0 2 002BB 00000000
128136 4 3 002BB 00000000
128291 0 1 001AC 00000000
128355 4 3 001AC 0000000B
128370 0 3 002BB 00000660
128372 0 1 000BB 00000000
128436 4 3 000BB 0000000C
128439 0 1 001BC 00000000
128503 4 3 001BC 0000000C
128518 0 1 000BC 00000000
128582 4 3 000BC 0000000C
128639 0 2 002BC 00000000
128703 4 3 002BC 00000000
128858 0 1 001AD 00000000
128922 4 3 001AD 0000000B
128938 0 1 001BD 00000000
129002 4 3 001BD 0000000C
129017 0 3 002BC 00000660
129019 0 1 000BC 00000000
129083 4 3 000BC 0000000C
129099 0 1 000BD 00000000
129163 4 3 000BD 0000000C
129206 0 2 002BD 00000000
129270 4 3 002BD 00000000
129425 0 1 001AE 00000000
129489 4 3 001AE 0000000B
129505 0 1 001BE 00000000
129569 4 3 001BE 0000000C
129598 0 3 002BD 00000660
129600 0 1 000BD 00000000
129664 4 3 000BD 0000000C
129680 0 1 000BE 00000000
129744 4 3 000BE 0000000C
129773 0 2 002BE 00000000
129837 4 3 002BE 00000000
129992 0 3 002AF 000005D8
129994 0 1 001AF 00000000
130058 4 3 001AF 0000000B
130074 0 1 001BF 00000000
130138 4 3 001BF 0000000C
130181 0 3 002BE 00000660
130183 0 1 000BE 00000000
130247 4 3 000BE 0000000C
130263 0 1 000BF 00000000
130327 4 3 000BF 0000000C
130342 0 2 002BF 00000000
130406 4 3 002BF 00000000
130423 0 1 000C0 00000000
130487 4 3 000C0 0000000D
130503 0 1 000C1 00000000
130567 4 3 000C1 0000000D
130583 0 1 000C2 00000000
130647 4 3 000C2 0000000D
130663 0 1 000C3 00000000
130727 4 3 000C3 0000000D
130743 0 1 000C4 00000000
130807 4 3 000C4 0000000D
130823 0 1 000C5 00000000
130887 4 3 000C5 0000000D
130903 0 1 000C6 00000000
130967 4 3 000C6 0000000D
130983 0 1 000C7 00000000
131047 4 3 000C7 0000000D
131063 0 1 000C8 00000000
131127 4 3 000C8 0000000D
131143 0 1 000C9 00000000
131207 4 3 000C9 0000000D
131223 0 1 000CA 00000000
131287 4 3 000CA 0000000D
131303 0 1 000CB 00000000
131367 4 3 000CB 0000000D
131370 0 1 001B0 00000000
131434 4 3 001B0 0000000C
131449 0 1 000CC 00000000
131513 4 3 000CC 0000000D
131516 0 1 001C0 00000000
131580 4 3 001C0 0000000D
131595 0 1 000CD 00000000
131659 4 3 000CD 0000000D
131675 0 1 000CE 00000000
131739 4 3 000CE 0000000D
131755 0 1 000CF 00000000
131819 4 3 000CF 0000000D
131834 0 2 002C0 00000000
131898 4 3 002C0 00000000
131912 0 3 002C0 000006E8
131914 0 1 000C0 00000000
131978 4 3 000C0 0000000D
132135 0 1 001B1 00000000
132199 4 3 001B1 0000000C
132215 0 1 001C1 00000000
132279 4 3 001C1 0000000D
132335 0 2 002C1 00000000
132399 4 3 002C1 00000000
132427 0 3 002C1 000006E8
132429 0 1 000C1 00000000
132493 4 3 000C1 0000000D
132636 0 1 001B2 00000000
132700 4 3 001B2 0000000C
132716 0 1 001C2 00000000
132780 4 3 001C2 0000000D
132836 0 2 002C2 00000000
132900 4 3 002C2 00000000
132942 0 3 002C2 000006E8
132944 0 1 000C2 00000000
133008 4 3 000C2 0000000D
133137 0 1 001B3 00000000
133201 4 3 001B3 0000000C
133217 0 1 001C3 00000000
133281 4 3 001C3 0000000D
133337 0 2 002C3 00000000
133401 4 3 002C3 00000000
133457 0 3 002C3 000006E8
133459 0 1 000C3 00000000
133523 4 3 000C3 0000000D
133638 0 1 001B4 00000000
133702 4 3 001B4 0000000C
133718 0 1 001C4 00000000
133782 4 3 001C4 0000000D
133838 0 2 002C4 00000000
133902 4 3 002C4 00000000
133972 0 3 002C4 000006E8
133974 0 1 000C4 00000000
134038 4 3 000C4 0000000D
134139 0 1 001B5 00000000
134203 4 3 001B5 0000000C
134219 0 1 001C5 00000000
134283 4 3 001C5 0000000D
134339 0 2 002C5 00000000
134403 4 3 002C5 00000000
134487 0 3 002C5 000006E8
134489 0 1 000C5 00000000
134553 4 3 000C5 0000000D
134640 0 1 001B6 00000000
134704 4 3 001B6 0000000C
134720 0 1 001C6 00000000
134784 4 3 001C6 0000000D
134840 0 2 002C6 00000000
134904 4 3 002C6 00000000
135002 0 3 002C6 000006E8
135004 0 1 000C6 00000000
135068 4 3 000C6 0000000D
135141 0 1 001B7 00000000
135205 4 3 001B7 0000000C
135221 0 1 001C7 00000000
135285 4 3 001C7 0000000D
135341 0 2 002C7 00000000
135405 4 3 002C7 00000000
135517 0 3 002C7 000006E8
135519 0 1 000C7 00000000
135583 4 3 000C7 0000000D
135642 0 1 001B8 00000000
135706 4 3 001B8 0000000C
135722 0 1 001C8 00000000
135786 4 3 001C8 0000000D
135842 0 2 002C8 00000000
135906 4 3 002C8 00000000
136032 0 3 002C8 000006E8
136034 0 1 000C8 00000000
136098 4 3 000C8 0000000D
136143 0 1 001B9 00000000
136207 4 3 001B9 0000000C
136223 0 1 001C9 00000000
136287 4 3 001C9 0000000D
136343 0 2 002C9 00000000
136407 4 3 002C9 00000000
136547 0 3 002C9 000006E8
136549 0 1 000C9 00000000
136613 4 3 000C9 0000000D
136644 0 1 001BA 00000000
136708 4 3 001BA 0000000C
136724 0 1 001CA 00000000
136788 4 3 001CA 0000000D
136844 0 2 002CA 00000000
136908 4 3 002CA 00000000
137062 0 3 002CA 000006E8
137064 0 1 000CA 00000000
137128 4 3 000CA 0000000D
137145 0 1 001BB 00000000
137209 4 3 001BB 0000000C
137225 0 1 001CB 00000000
137289 4 3 001CB 0000000D
137345 0 2 002CB 00000000
137409 4 3 002CB 00000000
137577 0 3 002CB 000006E8
137579 0 1 000CB 00000000
137643 4 3 000CB 0000000D
137646 0 1 001BC 00000000
137710 4 3 001BC 0000000C
137726 0 1 001CC 00000000
137790 4 3 001CC 0000000D
137846 0 2 002CC 00000000
137910 4 3 002CC 00000000
138079 0 1 001BD 00000000
138143 4 3 001BD 0000000C
138158 0 3 002CC 000006E8
138160 0 1 000CC 00000000
138224 4 3 000CC 0000000D
138227 0 1 001CD 00000000
138291 4 3 001CD 0000000D
138306 0 1 000CD 00000000
138370 4 3 000CD 0000000D
138413 0 2 002CD 00000000
138477 4 3 002CD 00000000
138646 0 1 001BE 00000000
138710 4 3 001BE 0000000C
138726 0 1 001CE 00000000
138790 4 3 001CE 0000000D
138805 0 3 002CD 000006E8
138807 0 1 000CD 00000000
138871 4 3 000CD 0000000D
138887 0 1 000CE 00000000
138951 4 3 000CE 0000000D
138980 0 2 002CE 00000000
139044 4 3 002CE 00000000
139213 0 3 002BF 00000660
139215 0 1 001BF 00000000
139279 4 3 001BF 0000000C
139295 0 1 001CF 00000000
139359 4 3 001CF 0000000D
139388 0 3 002CE 000006E8
139390 0 1 000CE 00000000
139454 4 3 000CE 0000000D
139470 0 1 000CF 00000000
139534 4 3 000CF 0000000D
139549 0 2 002CF 00000000
139613 4 3 002CF 00000000
139630 0 1 000D0 00000000
139694 4 3 000D0 0000000E
139710 0 1 000D1 00000000
139774 4 3 000D1 0000000E
139790 0 1 000D2 00000000
139854 4 3 000D2 0000000E
139870 0 1 000D3 00000000
139934 4 3 000D3 0000000E
139950 0 1 000D4 00000000
140014 4 3 000D4 0000000E
140030 0 1 000D5 00000000
140094 4 3 000D5 0000000E
140110 0 1 000D6 00000000
140174 4 3 000D6 0000000E
140190 0 1 000D7 00000000
140254 4 3 000D7 0000000E
140270 0 1 000D8 00000000
140334 4 3 000D8 0000000E
140350 0 1 000D9 00000000
140414 4 3 000D9 0000000E
140430 0 1 000DA 00000000
140494 4 3 000DA 0000000E
140510 0 1 000DB 00000000
140574 4 3 000DB 0000000E
140590 0 1 000DC 00000000
140654 4 3 000DC 0000000E
140657 0 1 001C0 00000000
140721 4 3 001C0 0000000D
140736 0 1 000DD 00000000
140800 4 3 000DD 0000000E
140803 0 1 001D0 00000000
140867 4 3 001D0 0000000E
140882 0 1 000DE 00000000
140946 4 3 000DE 0000000E
140962 0 1 000DF 00000000
141026 4 3 000DF 0000000E
141041 0 2 002D0 00000000
141105 4 3 002D0 00000000
141119 0 3 002D0 00000770
141121 0 1 000D0 00000000
141185 4 3 000D0 0000000E
141356 0 1 001C1 00000000
141420 4 3 001C1 0000000D
141436 0 1 001D1 00000000
141500 4 3 001D1 0000000E
141542 0 2 002D1 00000000
141606 4 3 002D1 00000000
141634 0 3 002D1 00000770
141636 0 1 000D1 00000000
141700 4 3 000D1 0000000E
141857 0 1 001C2 00000000
141921 4 3 001C2 0000000D
141937 0 1 001D2 00000000
142001 4 3 001D2 0000000E
142043 0 2 002D2 00000000
142107 4 3 002D2 00000000
142149 0 3 002D2 00000770
142151 0 1 000D2 00000000
142215 4 3 000D2 0000000E
142358 0 1 001C3 00000000
142422 4 3 001C3 0000000D
142438 0 1 001D3 00000000
142502 4 3 001D3 0000000E
142544 0 2 002D3 00000000
142608 4 3 002D3 00000000
142664 0 3 002D3 00000770
142666 0 1 000D3 00000000
142730 4 3 000D3 0000000E
142859 0 1 001C4 00000000
142923 4 3 001C4 0000000D
142939 0 1 001D4 00000000
143003 4 3 001D4 0000000E
143045 0 2 002D4 00000000
143109 4 3 002D4 00000000
143179 0 3 002D4 00000770
143181 0 1 000D4 00000000
143245 4 3 000D4 0000000E
143360 0 1 001C5 00000000
143424 4 3 001C5 0000000D
143440 0 1 001D5 00000000
143504 4 3 001D5 0000000E
143546 0 2 002D5 00000000
143610 4 3 002D5 00000000
143694 0 3 002D5 00000770
143696 0 1 000D5 00000000
143760 4 3 000D5 0000000E
143861 0 1 001C6 00000000
143925 4 3 001C6 0000000D
143941 0 1 001D6 00000000
144005 4 3 001D6 0000000E
144047 0 2 002D6 00000000
144111 4 3 002D6 00000000
144209 0 3 002D6 00000770
144211 0 1 000D6 00000000
144275 4 3 000D6 0000000E
144362 0 1 001C7 00000000
144426 4 3 001C7 0000000D
144442 0 1 001D7 00000000
144506 4 3 001D7 0000000E
144548 0 2 002D7 00000000
144612 4 3 002D7 00000000
144724 0 3 002D7 00000770
144726 0 1 000D7 00000000
144790 4 3 000D7 0000000E
144863 0 1 001C8 00000000
144927 4 3 001C8 0000000D
144943 0 1 001D8 00000000
145007 4 3 001D8 0000000E
145049 0 2 002D8 00000000
145113 4 3 002D8 00000000
145239 0 3 002D8 00000770
145241 0 1 000D8 00000000
145305 4 3 000D8 0000000E
145364 0 1 001C9 00000000
145428 4 3 001C9 0000000D
145444 0 1 001D9 00000000
145508 4 3 001D9 0000000E
145550 0 2 002D9 00000000
145614 4 3 002D9 00000000
145754 0 3 002D9 00000770
145756 0 1 000D9 00000000
145820 4 3 000D9 0000000E
145865 0 1 001CA 00000000
145929 4 3 001CA 0000000D
145945 0 1 001DA 00000000
146009 4 3 001DA 0000000E
146051 0 2 002DA 00000000
146115 4 3 002DA 00000000
146269 0 3 002DA 00000770
146271 0 1 000DA 00000000
146335 4 3 000DA 0000000E
146366 0 1 001CB 00000000
146430 4 3 001CB 0000000D
146446 0 1 001DB 00000000
146510 4 3 001DB 0000000E
146552 0 2 002DB 00000000
146616 4 3 002DB 00000000
146784 0 3 002DB 00000770
146786 0 1 000DB 00000000
146850 4 3 000DB 0000000E
146867 0 1 001CC 00000000
146931 4 3 001CC 0000000D
146947 0 1 001DC 00000000
147011 4 3 001DC 0000000E
147053 0 2 002DC 00000000
147117 4 3 002DC 00000000
147299 0 3 002DC 00000770
147301 0 1 000DC 00000000
147365 4 3 000DC 0000000E
147368 0 1 001CD 00000000
147432 4 3 001CD 0000000D
147448 0 1 001DD 00000000
147512 4 3 001DD 0000000E
147554 0 2 002DD 00000000
147618 4 3 002DD 00000000
147801 0 1 001CE 00000000
147865 4 3 001CE 0000000D
147880 0 3 002DD 00000770
147882 0 1 000DD 00000000
147946 4 3 000DD 0000000E
147949 0 1 001DE 00000000
148013 4 3 001DE 0000000E
148028 0 1 000DE 00000000
148092 4 3 000DE 0000000E
148121 0 2 002DE 00000000
148185 4 3 002DE 00000000
148368 0 3 002CF 000006E8
148370 0 1 001CF 00000000
148434 4 3 001CF 0000000D
148450 0 1 001DF 00000000
148514 4 3 001DF 0000000E
148529 0 3 002DE 00000770
148531 0 1 000DE 00000000
148595 4 3 000DE 0000000E
148611 0 1 000DF 00000000
148675 4 3 000DF 0000000E
148690 0 2 002DF 00000000
148754 4 3 002DF 00000000
148771 0 1 000E0 00000000
148835 4 3 000E0 0000000F
148851 0 1 000E1 00000000
148915 4 3 000E1 0000000F
148931 0 1 000E2 00000000
148995 4 3 000E2 0000000F
149011 0 1 000E3 00000000
149075 4 3 000E3 0000000F
149091 0 1 000E4 00000000
149155 4 3 000E4 0000000F
149171 0 1 000E5 00000000
149235 4 3 000E5 0000000F
149251 0 1 000E6 00000000
149315 4 3 000E6 0000000F
149331 0 1 000E7 00000000
149395 4 3 000E7 0000000F
149411 0 1 000E8 00000000
149475 4 3 000E8 0000000F
149491 0 1 000E9 00000000
149555 4 3 000E9 0000000F
149571 0 1 000EA 00000000
149635 4 3 000EA 0000000F
149651 0 1 000EB 00000000
149715 4 3 000EB 0000000F
149731 0 1 000EC 00000000
149795 4 3 000EC 0000000F
149811 0 1 000ED 00000000
149875 4 3 000ED 0000000F
149878 0 1 001D0 00000000
149942 4 3 001D0 0000000E
149957 0 1 000EE 00000000
150021 4 3 000EE 0000000F
150024 0 1 001E0 00000000
150088 4 3 001E0 0000000F
150103 0 1 000EF 00000000
150167 4 3 000EF 0000000F
150182 0 2 002E0 00000000
150246 4 3 002E0 00000000
150260 0 3 002E0 000007F8
150262 0 1 000E0 00000000
150326 4 3 000E0 0000000F
150511 0 1 001D1 00000000
150575 4 3 001D1 0000000E
150591 0 1 001E1 00000000
150655 4 3 001E1 0000000F
150683 0 2 002E1 00000000
150747 4 3 002E1 00000000
150775 0 3 002E1 000007F8
150777 0 1 000E1 00000000
150841 4 3 000E1 0000000F
151012 0 1 001D2 00000000
151076 4 3 001D2 0000000E
151092 0 1 001E2 00000000
151156 4 3 001E2 0000000F
151184 0 2 002E2 00000000
151248 4 3 002E2 00000000
151290 0 3 002E2 000007F8
151292 0 1 000E2 00000000
151356 4 3 000E2 0000000F
151513 0 1 001D3 00000000
151577 4 3 001D3 0000000E
151593 0 1 001E3 00000000
151657 4 3 001E3 0000000F
151685 0 2 002E3 00000000
151749 4 3 002E3 00000000
151805 0 3 002E3 000007F8
151807 0 1 000E3 00000000
151871 4 3 000E3 0000000F
152014 0 1 001D4 00000000
152078 4 3 001D4 0000000E
152094 0 1 001E4 00000000
152158 4 3 001E4 0000000F
152186 0 2 002E4 00000000
152250 4 3 002E4 00000000
152320 0 3 002E4 000007F8
152322 0 1 000E4 00000000
152386 4 3 000E4 0000000F
152515 0 1 001D5 00000000
152579 4 3 001D5 0000000E
152595 0 1 001E5 00000000
152659 4 3 001E5 0000000F
152687 0 2 002E5 00000000
152751 4 3 002E5 00000000
152835 0 3 002E5 000007F8
152837 0 1 000E5 00000000
152901 4 3 000E5 0000000F
153016 0 1 001D6 00000000
153080 4 3 001D6 0000000E
153096 0 1 001E6 00000000
153160 4 3 001E6 0000000F
153188 0 2 002E6 00000000
153252 4 3 002E6 00000000
153350 0 3 002E6 000007F8
153352 0 1 000E6 00000000
153416 4 3 000E6 0000000F
153517 0 1 001D7 00000000
153581 4 3 001D7 0000000E
153597 0 1 001E7 00000000
153661 4 3 001E7 0000000F
153689 0 2 002E7 00000000
153753 4 3 002E7 00000000
153865 0 3 002E7 000007F8
153867 0 1 000E7 00000000
153931 4 3 000E7 0000000F
154018 0 1 001D8 00000000
154082 4 3 001D8 0000000E
154098 0 1 001E8 00000000
154162 4 3 001E8 0000000F
154190 0 2 002E8 00000000
154254 4 3 002E8 00000000
154380 0 3 002E8 000007F8
154382 0 1 000E8 00000000
154446 4 3 000E8 0000000F
154519 0 1 001D9 00000000
154583 4 3 001D9 0000000E
154599 0 1 001E9 00000000
154663 4 3 001E9 0000000F
154691 0 2 002E9 00000000
154755 4 3 002E9 00000000
154895 0 3 002E9 000007F8
154897 0 1 000E9 00000000
154961 4 3 000E9 0000000F
155020 0 1 001DA 00000000
155084 4 3 001DA 0000000E
155100 0 1 001EA 00000000
155164 4 3 001EA 0000000F
155192 0 2 002EA 00000000
155256 4 3 002EA 00000000
155410 0 3 002EA 000007F8
155412 0 1 000EA 00000000
155476 4 3 000EA 0000000F
155521 0 1 001DB 00000000
155585 4 3 001DB 0000000E
155601 0 1 001EB 00000000
155665 4 3 001EB 0000000F
155693 0 2 002EB 00000000
155757 4 3 002EB 00000000
155925 0 3 002EB 000007F8
155927 0 1 000EB 00000000
155991 4 3 000EB 0000000F
156022 0 1 001DC 00000000
156086 4 3 001DC 0000000E
156102 0 1 001EC 00000000
156166 4 3 001EC 0000000F
156194 0 2 002EC 00000000
156258 4 3 002EC 00000000
156440 0 3 002EC 000007F8
156442 0 1 000EC 00000000
156506 4 3 000EC 0000000F
156523 0 1 001DD 00000000
156587 4 3 001DD 0000000E
156603 0 1 001ED 00000000
156667 4 3 001ED 0000000F
156695 0 2 002ED 00000000
156759 4 3 002ED 00000000
156955 0 3 002ED 000007F8
156957 0 1 000ED 00000000
157021 4 3 000ED 0000000F
157024 0 1 001DE 00000000
157088 4 3 001DE 0000000E
157104 0 1 001EE 00000000
157168 4 3 001EE 0000000F
157196 0 2 002EE 00000000
157260 4 3 002EE 00000000
157457 0 3 002DF 00000770
157459 0 1 001DF 00000000
157523 4 3 001DF 0000000E
157538 0 3 002EE 000007F8
157540 0 1 000EE 00000000
157604 4 3 000EE 0000000F
157607 0 1 001EF 00000000
157671 4 3 001EF 0000000F
157686 0 1 000EF 00000000
157750 4 3 000EF 0000000F
157765 0 2 002EF 00000000
157829 4 3 002EF 00000000
157846 0 1 000F0 00000000
157910 4 3 000F0 00000010
157926 0 1 000F1 00000000
157990 4 3 000F1 00000010
158006 0 1 000F2 00000000
158070 4 3 000F2 00000010
158086 0 1 000F3 00000000
158150 4 3 000F3 00000010
158166 0 1 000F4 00000000
158230 4 3 000F4 00000010
158246 0 1 000F5 00000000
158310 4 3 000F5 00000010
158326 0 1 000F6 00000000
158390 4 3 000F6 00000010
158406 0 1 000F7 00000000
158470 4 3 000F7 00000010
158486 0 1 000F8 00000000
158550 4 3 000F8 00000010
158566 0 1 000F9 00000000
158630 4 3 000F9 00000010
158646 0 1 000FA 00000000
158710 4 3 000FA 00000010
158726 0 1 000FB 00000000
158790 4 3 000FB 00000010
158806 0 1 000FC 00000000
158870 4 3 000FC 00000010
158886 0 1 000FD 00000000
158950 4 3 000FD 00000010
158966 0 1 000FE 00000000
159030 4 3 000FE 00000010
159033 0 1 001E0 00000000
159097 4 3 001E0 0000000F
159112 0 1 000FF 00000000
159176 4 3 000FF 00000010
159179 0 1 001F0 00000000
159243 4 3 001F0 00000010
159257 0 2 002F0 00000000
159321 4 3 002F0 00000000
159335 0 3 002F0 00000880
159337 0 1 000F0 00000000
159401 4 3 000F0 00000010
159600 0 1 001E1 00000000
159664 4 3 001E1 0000000F
159680 0 1 001F1 00000000
159744 4 3 001F1 00000010
159758 0 2 002F1 00000000
159822 4 3 002F1 00000000
159850 0 3 002F1 00000880
159852 0 1 000F1 00000000
159916 4 3 000F1 00000010
160101 0 1 001E2 00000000
160165 4 3 001E2 0000000F
160181 0 1 001F2 00000000
160245 4 3 001F2 00000010
160259 0 2 002F2 00000000
160323 4 3 002F2 00000000
160365 0 3 002F2 00000880
160367 0 1 000F2 00000000
160431 4 3 000F2 00000010
160602 0 1 001E3 00000000
160666 4 3 001E3 0000000F
160682 0 1 001F3 00000000
160746 4 3 001F3 00000010
160760 0 2 002F3 00000000
160824 4 3 002F3 00000000
160880 0 3 002F3 00000880
160882 0 1 000F3 00000000
160946 4 3 000F3 00000010
161103 0 1 001E4 00000000
161167 4 3 001E4 0000000F
161183 0 1 001F4 00000000
161247 4 3 001F4 00000010
161261 0 2 002F4 00000000
161325 4 3 002F4 00000000
161395 0 3 002F4 00000880
161397 0 1 000F4 00000000
161461 4 3 000F4 00000010
161604 0 1 001E5 00000000
161668 4 3 001E5 0000000F
161684 0 1 001F5 00000000
161748 4 3 001F5 00000010
161762 0 2 002F5 00000000
161826 4 3 002F5 00000000
161910 0 3 002F5 00000880
161912 0 1 000F5 00000000
161976 4 3 000F5 00000010
162105 0 1 001E6 00000000
162169 4 3 001E6 0000000F
162185 0 1 001F6 00000000
162249 4 3 001F6 00000010
162263 0 2 002F6 00000000
162327 4 3 002F6 00000000
162425 0 3 002F6 00000880
162427 0 1 000F6 00000000
162491 4 3 000F6 00000010
162606 0 1 001E7 00000000
162670 4 3 001E7 0000000F
162686 0 1 001F7 00000000
162750 4 3 001F7 00000010
162764 0 2 002F7 00000000
162828 4 3 002F7 00000000
162940 0 3 002F7 00000880
162942 0 1 000F7 00000000
163006 4 3 000F7 00000010
163107 0 1 001E8 00000000
163171 4 3 001E8 0000000F
163187 0 1 001F8 00000000
163251 4 3 001F8 00000010
163265 0 2 002F8 00000000
163329 4 3 002F8 00000000
163455 0 3 002F8 00000880
163457 0 1 000F8 00000000
163521 4 3 000F8 00000010
163608 0 1 001E9 00000000
163672 4 3 001E9 0000000F
163688 0 1 001F9 00000000
163752 4 3 001F9 00000010
163766 0 2 002F9 00000000
163830 4 3 002F9 00000000
163970 0 3 002F9 00000880
163972 0 1 000F9 00000000
164036 4 3 000F9 00000010
164109 0 1 001EA 00000000
164173 4 3 001EA 0000000F
164189 0 1 001FA 00000000
164253 4 3 001FA 00000010
164267 0 2 002FA 00000000
164331 4 3 002FA 00000000
164485 0 3 002FA 00000880
164487 0 1 000FA 00000000
164551 4 3 000FA 00000010
164610 0 1 001EB 00000000
164674 4 3 001EB 0000000F
164690 0 1 001FB 00000000
164754 4 3 001FB 00000010
164768 0 2 002FB 00000000
164832 4 3 002FB 00000000
165000 0 3 002FB 00000880
165002 0 1 000FB 00000000
165066 4 3 000FB 00000010
165111 0 1 001EC 00000000
165175 4 3 001EC 0000000F
165191 0 1 001FC 00000000
165255 4 3 001FC 00000010
165269 0 2 002FC 00000000
165333 4 3 002FC 00000000
165515 0 3 002FC 00000880
165517 0 1 000FC 00000000
165581 4 3 000FC 00000010
165612 0 1 001ED 00000000
165676 4 3 001ED 0000000F
165692 0 1 001FD 00000000
165756 4 3 001FD 00000010
165770 0 2 002FD 00000000
165834 4 3 002FD 00000000
166030 0 3 002FD 00000880
166032 0 1 000FD 00000000
166096 4 3 000FD 00000010
166113 0 1 001EE 00000000
166177 4 3 001EE 0000000F
166193 0 1 001FE 00000000
166257 4 3 001FE 00000010
166271 0 2 002FE 00000000
166335 4 3 002FE 00000000
166545 0 3 002FE 00000880
166547 0 1 000FE 00000000
166611 4 3 000FE 00000010
166614 0 3 002EF 000007F8
166616 0 1 001EF 00000000
166680 4 3 001EF 0000000F
166696 0 1 001FF 00000000
166760 4 3 001FF 00000010
166774 0 2 002FF 00000000
166838 4 3 002FF 00000000
166848 0 3 002FF 00000880
166850 0 1 003FF 00000000
166914 4 3 003FF 00000000
